1,6
2,11
3,12
13,14
13,15
14,15
1,16
6,16
1,17
6,17
16,17
1,18
6,18
16,18
17,18
1,19
6,19
16,19
17,19
18,19
1,20
6,20
16,20
17,20
18,20
19,20
1,21
6,21
16,21
17,21
18,21
19,21
20,21
8,22
1,23
6,23
16,23
17,23
18,23
19,23
20,23
21,23
1,24
6,24
16,24
17,24
18,24
19,24
20,24
21,24
23,24
1,26
6,26
16,26
17,26
18,26
19,26
20,26
21,26
23,26
24,26
1,27
6,27
16,27
17,27
18,27
19,27
20,27
21,27
23,27
24,27
26,27
9,28
3,29
12,29
9,30
28,30
9,31
28,31
30,31
9,32
28,32
30,32
31,32
4,33
25,34
25,35
34,35
25,36
34,36
35,36
1,37
6,37
16,37
17,37
18,37
19,37
20,37
21,37
23,37
24,37
26,37
27,37
1,39
6,39
16,39
17,39
18,39
19,39
20,39
21,39
23,39
24,39
26,39
27,39
37,39
13,41
14,41
15,41
40,42
7,45
1,46
6,46
16,46
17,46
18,46
19,46
20,46
21,46
23,46
24,46
26,46
27,46
37,46
39,46
1,47
6,47
16,47
17,47
18,47
19,47
20,47
21,47
23,47
24,47
26,47
27,47
37,47
39,47
46,47
8,48
22,48
8,49
22,49
48,49
38,52
38,53
52,53
38,54
52,54
53,54
38,55
52,55
53,55
54,55
38,56
52,56
53,56
54,56
55,56
1,57
6,57
16,57
17,57
18,57
19,57
20,57
21,57
23,57
24,57
26,57
27,57
37,57
39,57
46,57
47,57
43,58
4,59
33,59
51,60
4,61
33,61
59,61
1,62
6,62
16,62
17,62
18,62
19,62
20,62
21,62
23,62
24,62
26,62
27,62
37,62
39,62
46,62
47,62
57,62
4,63
33,63
59,63
61,63
3,65
12,65
29,65
1,67
6,67
16,67
17,67
18,67
19,67
20,67
21,67
23,67
24,67
26,67
27,67
37,67
39,67
46,67
47,67
57,67
62,67
38,68
52,68
53,68
54,68
55,68
56,68
71,72
73,74
85,86
85,87
86,87
85,88
86,88
87,88
75,90
76,91
76,93
79,93
91,93
94,95
80,96
76,97
79,97
91,97
93,97
76,98
79,98
91,98
93,98
97,98
76,99
79,99
91,99
93,99
97,99
98,99
93,100
99,100
76,101
93,101
99,101
100,101
104,105
94,106
95,106
75,108
90,108
75,109
90,109
108,109
112,113
91,114
97,114
98,114
89,115
118,119
79,121
93,121
97,121
98,121
99,121
107,122
84,123
84,124
123,124
89,125
115,125
79,126
93,126
97,126
98,126
99,126
118,126
119,126
121,126
97,127
98,127
120,130
131,132
76,133
93,133
99,133
74,135
101,135
89,136
115,136
125,136
89,137
115,137
125,137
136,137
115,139
131,139
132,139
136,139
137,139
93,140
99,140
100,140
101,140
93,141
99,141
100,141
101,141
140,141
76,142
93,142
99,142
133,142
74,143
131,143
132,143
139,143
110,144
110,145
144,145
118,146
119,146
91,147
118,148
119,148
146,148
118,149
119,149
146,149
148,149
135,150
74,151
143,151
73,152
81,152
121,152
73,153
81,153
121,153
152,153
73,154
81,154
121,154
152,154
153,154
73,155
152,155
153,155
154,155
73,156
151,156
155,156
73,157
81,157
152,157
153,157
154,157
155,157
156,157
138,158
73,159
151,159
155,159
156,159
157,159
73,160
151,160
155,160
156,160
157,160
159,160
74,161
143,161
151,161
156,161
159,161
160,161
74,162
131,162
132,162
137,162
143,162
151,162
161,162
101,163
133,163
142,163
73,164
74,164
152,164
153,164
154,164
157,164
131,165
132,165
151,165
156,165
159,165
160,165
161,165
151,166
156,166
159,166
160,166
161,166
165,166
131,168
132,168
151,168
156,168
159,168
160,168
161,168
165,168
166,168
73,169
151,169
155,169
156,169
157,169
159,169
160,169
161,169
165,169
166,169
168,169
106,170
106,172
170,172
171,174
83,175
110,177
144,177
145,177
177,178
118,179
119,179
146,179
148,179
149,179
76,180
79,180
91,180
93,180
97,180
98,180
99,180
114,180
121,180
126,180
79,181
93,181
97,181
98,181
99,181
101,181
121,181
126,181
135,181
150,181
180,181
96,182
79,183
93,183
97,183
98,183
99,183
101,183
121,183
126,183
135,183
150,183
180,183
181,183
75,184
90,184
108,184
109,184
125,184
137,184
166,184
168,184
9,185
28,185
30,185
31,185
32,185
75,186
90,186
108,186
109,186
156,186
159,186
160,186
166,186
169,186
75,187
90,187
108,187
109,187
156,187
159,187
160,187
166,187
169,187
186,187
73,189
81,189
121,189
152,189
153,189
154,189
155,189
157,189
164,189
131,190
132,190
151,190
156,190
159,190
160,190
161,190
165,190
166,190
168,190
169,190
184,190
73,191
81,191
89,191
115,191
125,191
136,191
137,191
139,191
152,191
153,191
154,191
157,191
164,191
189,191
120,192
130,192
178,192
102,193
79,195
93,195
97,195
98,195
99,195
118,195
119,195
121,195
126,195
180,195
181,195
183,195
107,196
188,196
120,197
130,197
178,197
192,197
120,198
130,198
178,198
192,198
197,198
107,199
196,199
120,200
188,200
192,200
196,200
82,201
79,202
93,202
97,202
98,202
99,202
121,202
126,202
180,202
181,202
183,202
195,202
192,203
200,203
202,203
192,204
200,204
202,204
203,204
120,205
130,205
178,205
192,205
197,205
198,205
96,206
182,206
188,206
96,207
177,207
182,207
188,207
196,207
200,207
206,207
201,208
101,209
163,209
192,209
200,209
203,209
204,209
117,210
120,211
130,211
178,211
192,211
197,211
198,211
205,211
92,212
208,213
208,214
213,214
92,215
212,215
150,216
138,217
156,217
158,217
159,217
160,217
161,217
165,217
169,217
138,218
156,218
158,218
159,218
160,218
161,218
165,218
169,218
217,218
208,219
213,219
214,219
96,220
182,220
188,220
206,220
207,220
96,221
182,221
188,221
206,221
207,221
220,221
76,222
79,222
91,222
93,222
97,222
98,222
99,222
121,222
126,222
133,222
142,222
180,222
181,222
183,222
195,222
202,222
76,223
79,223
91,223
93,223
97,223
98,223
99,223
121,223
126,223
133,223
142,223
180,223
181,223
183,223
195,223
202,223
222,223
222,224
223,224
120,225
130,225
192,225
196,225
197,225
198,225
200,225
203,225
204,225
205,225
209,225
211,225
96,226
177,226
182,226
188,226
206,226
207,226
220,226
221,226
216,227
228,229
134,230
73,231
74,231
138,231
151,231
158,231
164,231
217,231
218,231
82,233
144,233
145,233
201,233
220,233
192,235
196,235
200,235
203,235
204,235
209,235
225,235
137,236
151,236
156,236
159,236
160,236
161,236
165,236
166,236
168,236
169,236
184,236
186,236
187,236
190,236
134,237
230,237
135,238
150,238
163,238
181,238
183,238
79,239
93,239
97,239
98,239
99,239
121,239
126,239
180,239
181,239
183,239
195,239
202,239
222,239
223,239
216,240
227,240
237,240
134,241
216,241
227,241
230,241
237,241
240,241
110,242
144,242
145,242
177,242
84,243
123,243
124,243
188,244
192,244
196,244
200,244
203,244
204,244
207,244
209,244
225,244
235,244
182,245
192,245
200,245
203,245
204,245
209,245
216,245
225,245
235,245
244,245
76,247
79,247
91,247
93,247
97,247
98,247
99,247
114,247
121,247
126,247
127,247
180,247
181,247
183,247
195,247
202,247
222,247
223,247
239,247
102,248
193,248
134,250
216,250
227,250
230,250
237,250
240,250
241,250
83,251
175,251
228,252
229,252
253,254
150,255
216,255
227,255
240,255
241,255
245,255
250,255
77,256
112,257
113,257
196,257
225,257
235,257
244,257
110,258
112,258
113,258
144,258
145,258
177,258
242,258
257,258
77,259
260,261
76,262
91,262
93,262
97,262
98,262
99,262
101,262
114,262
127,262
180,262
222,262
223,262
247,262
82,266
201,266
233,266
245,266
118,267
119,267
146,267
148,267
149,267
179,267
104,268
105,268
104,269
105,269
268,269
112,272
113,272
196,272
225,272
235,272
244,272
257,272
258,272
265,273
274,275
274,276
275,276
135,277
76,278
79,278
91,278
93,278
97,278
98,278
99,278
114,278
121,278
126,278
180,278
181,278
183,278
195,278
202,278
222,278
223,278
239,278
247,278
262,278
102,279
248,279
257,279
272,279
73,280
81,280
152,280
153,280
154,280
155,280
157,280
164,280
189,280
191,280
73,281
81,281
152,281
153,281
154,281
155,281
156,281
157,281
159,281
160,281
164,281
169,281
189,281
191,281
280,281
137,282
139,282
151,282
156,282
159,282
160,282
161,282
165,282
166,282
168,282
169,282
186,282
187,282
190,282
236,282
137,283
139,283
151,283
156,283
159,283
160,283
161,283
165,283
166,283
168,283
169,283
186,283
187,283
190,283
236,283
282,283
73,284
81,284
121,284
152,284
153,284
154,284
155,284
157,284
164,284
189,284
191,284
280,284
281,284
121,285
151,285
152,285
153,285
154,285
156,285
159,285
160,285
161,285
165,285
166,285
168,285
169,285
186,285
187,285
189,285
190,285
231,285
236,285
282,285
283,285
284,285
76,286
79,286
93,286
97,286
98,286
99,286
121,286
126,286
180,286
181,286
183,286
195,286
202,286
222,286
223,286
239,286
247,286
278,286
73,287
151,287
156,287
159,287
160,287
161,287
164,287
165,287
166,287
168,287
169,287
186,287
187,287
190,287
231,287
236,287
282,287
283,287
285,287
82,288
129,288
201,288
233,288
266,288
134,289
230,289
237,289
241,289
250,289
89,290
125,290
136,290
191,290
146,291
148,291
149,291
179,291
196,291
225,291
232,291
235,291
244,291
257,291
272,291
146,292
148,292
149,292
179,292
196,292
225,292
232,292
235,292
244,292
257,292
272,292
291,292
91,293
97,293
98,293
114,293
180,293
238,293
247,293
262,293
278,293
150,294
157,294
191,294
216,294
227,294
240,294
241,294
245,294
250,294
255,294
127,295
110,296
120,296
130,296
144,296
145,296
177,296
178,296
192,296
197,296
198,296
205,296
211,296
212,296
225,296
242,296
258,296
288,296
107,297
122,297
80,298
96,298
177,299
226,299
298,299
177,300
226,300
298,300
299,300
107,301
122,301
297,301
298,301
299,301
300,301
84,302
123,302
124,302
142,302
163,302
208,302
80,303
96,303
298,303
303,304
84,305
123,305
124,305
142,305
163,305
208,305
302,305
75,306
90,306
108,306
109,306
186,306
187,306
75,307
90,307
108,307
109,307
184,307
186,307
187,307
306,307
