1,2
1,3
2,3
1,4
2,4
3,4
1,5
2,5
3,5
4,5
1,6
2,6
3,6
4,6
5,6
7,9
7,10
9,10
7,11
9,11
10,11
7,12
9,12
10,12
11,12
13,14
13,15
14,15
13,17
14,17
15,17
13,18
14,18
15,18
17,18
13,19
15,19
17,19
18,19
13,20
14,20
15,20
17,20
18,20
19,20
13,21
14,21
15,21
17,21
18,21
19,21
20,21
13,22
14,22
15,22
17,22
18,22
20,22
21,22
13,23
14,23
15,23
17,23
18,23
19,23
20,23
21,23
22,23
13,24
14,24
15,24
17,24
18,24
19,24
20,24
21,24
22,24
23,24
13,25
14,25
15,25
17,25
18,25
19,25
20,25
21,25
22,25
23,25
24,25
14,26
17,26
18,26
19,26
21,26
22,26
23,26
24,26
25,26
7,27
17,27
18,27
19,27
21,27
22,27
23,27
24,27
25,27
26,27
7,28
9,28
10,28
11,28
12,28
17,28
18,28
19,28
23,28
24,28
25,28
27,28
7,29
9,29
10,29
11,29
12,29
16,29
28,29
7,30
9,30
10,30
11,30
12,30
16,30
28,30
29,30
14,31
16,31
17,31
18,31
19,31
20,31
21,31
22,31
30,31
13,32
14,32
15,32
17,32
18,32
20,32
21,32
22,32
23,32
24,32
25,32
26,32
31,32
13,33
14,33
15,33
17,33
18,33
20,33
21,33
22,33
23,33
24,33
25,33
26,33
31,33
32,33
8,34
8,35
34,35
8,36
34,36
35,36
7,37
9,37
10,37
11,37
12,37
16,37
17,37
18,37
19,37
20,37
23,37
24,37
25,37
27,37
28,37
29,37
30,37
31,37
34,37
35,37
36,37
7,38
9,38
10,38
11,38
12,38
16,38
17,38
18,38
19,38
20,38
27,38
28,38
29,38
30,38
31,38
34,38
35,38
36,38
37,38
16,39
17,39
18,39
19,39
20,39
29,39
30,39
31,39
37,39
38,39
8,40
34,40
35,40
36,40
37,40
38,40
8,41
34,41
35,41
36,41
37,41
38,41
40,41
8,42
34,42
35,42
36,42
40,42
41,42
34,43
35,43
36,43
37,43
38,43
40,43
41,43
7,44
12,44
13,44
14,44
15,44
17,44
18,44
19,44
20,44
21,44
22,44
23,44
24,44
25,44
27,44
28,44
31,44
32,44
33,44
37,44
38,44
39,44
8,45
34,45
35,45
36,45
37,45
38,45
40,45
41,45
42,45
43,45
16,46
31,46
43,46
45,46
16,47
31,47
43,47
45,47
46,47
16,48
31,48
43,48
46,48
47,48
8,49
34,49
35,49
36,49
37,49
38,49
40,49
41,49
42,49
43,49
45,49
7,50
9,50
10,50
11,50
12,50
17,50
18,50
19,50
23,50
24,50
25,50
27,50
28,50
29,50
30,50
37,50
38,50
44,50
8,51
34,51
35,51
36,51
37,51
38,51
40,51
41,51
42,51
43,51
45,51
49,51
37,52
38,52
40,52
43,52
46,52
47,52
34,53
35,53
36,53
37,53
38,53
43,53
46,53
47,53
52,53
34,54
35,54
36,54
37,54
38,54
43,54
46,54
47,54
52,54
53,54
8,55
40,55
41,55
42,55
43,55
45,55
46,55
47,55
49,55
51,55
52,55
53,55
54,55
8,56
27,56
34,56
35,56
36,56
40,56
41,56
42,56
43,56
44,56
45,56
49,56
51,56
55,56
34,57
35,57
36,57
37,57
38,57
40,57
41,57
43,57
45,57
49,57
51,57
56,57
8,58
34,58
35,58
36,58
37,58
38,58
40,58
41,58
42,58
43,58
45,58
49,58
51,58
52,58
55,58
56,58
57,58
34,59
35,59
36,59
40,59
41,59
42,59
43,59
45,59
46,59
47,59
48,59
49,59
51,59
56,59
57,59
58,59
8,60
27,60
34,60
35,60
36,60
40,60
41,60
42,60
43,60
44,60
45,60
46,60
47,60
48,60
49,60
51,60
52,60
55,60
56,60
57,60
58,60
59,60
8,61
27,61
34,61
35,61
36,61
40,61
41,61
42,61
43,61
44,61
45,61
46,61
47,61
48,61
49,61
51,61
55,61
56,61
57,61
58,61
59,61
60,61
27,62
34,62
35,62
36,62
40,62
41,62
43,62
44,62
45,62
46,62
47,62
48,62
49,62
51,62
56,62
57,62
58,62
59,62
60,62
61,62
16,63
31,63
34,63
35,63
36,63
40,63
41,63
43,63
46,63
47,63
48,63
49,63
52,63
53,63
54,63
55,63
58,63
59,63
62,63
8,64
34,64
35,64
36,64
39,64
40,64
41,64
42,64
45,64
49,64
51,64
55,64
56,64
58,64
59,64
60,64
61,64
16,65
31,65
43,65
46,65
47,65
48,65
52,65
53,65
54,65
55,65
59,65
60,65
61,65
62,65
63,65
34,66
35,66
36,66
37,66
38,66
40,66
41,66
42,66
43,66
45,66
49,66
51,66
52,66
53,66
54,66
55,66
56,66
57,66
58,66
59,66
60,66
61,66
62,66
27,67
34,67
35,67
36,67
40,67
41,67
43,67
44,67
45,67
46,67
47,67
48,67
49,67
51,67
52,67
53,67
54,67
55,67
56,67
57,67
58,67
59,67
60,67
61,67
62,67
63,67
65,67
66,67
27,68
34,68
35,68
36,68
40,68
41,68
43,68
44,68
45,68
46,68
47,68
48,68
49,68
51,68
52,68
53,68
54,68
55,68
56,68
57,68
58,68
59,68
60,68
61,68
62,68
63,68
65,68
66,68
67,68
41,70
42,70
43,70
45,70
46,70
47,70
48,70
59,70
62,70
63,70
65,70
67,70
68,70
34,71
35,71
36,71
40,71
41,71
43,71
45,71
49,71
51,71
56,71
57,71
58,71
59,71
60,71
61,71
62,71
66,71
67,71
68,71
7,72
27,72
34,72
35,72
36,72
40,72
41,72
43,72
45,72
49,72
51,72
56,72
57,72
58,72
59,72
60,72
61,72
62,72
66,72
67,72
68,72
71,72
28,73
43,73
46,73
47,73
48,73
50,73
55,73
59,73
60,73
61,73
62,73
63,73
65,73
67,73
68,73
70,73
16,74
31,74
46,74
47,74
48,74
60,74
61,74
63,74
65,74
67,74
68,74
71,74
73,74
27,75
34,75
35,75
36,75
39,75
40,75
41,75
43,75
44,75
45,75
49,75
51,75
56,75
57,75
58,75
59,75
60,75
61,75
62,75
66,75
67,75
68,75
71,75
72,75
74,75
16,76
31,76
46,76
47,76
48,76
63,76
65,76
74,76
75,76
71,77
72,77
71,78
72,78
73,78
74,78
77,78
13,79
15,79
20,79
21,79
46,80
47,80
48,80
63,80
65,80
79,80
80,81
81,82
71,83
72,83
77,83
78,83
82,84
39,85
74,85
75,85
76,85
77,85
80,85
81,85
71,86
72,86
77,86
78,86
83,86
85,86
71,87
72,87
77,87
78,87
83,87
85,87
86,87
71,88
72,88
77,88
78,88
83,88
85,88
86,88
87,88
71,89
72,89
77,89
78,89
83,89
85,89
86,89
87,89
88,89
43,90
46,90
47,90
48,90
59,90
62,90
63,90
65,90
67,90
68,90
70,90
73,90
83,90
86,90
87,90
88,90
89,90
71,91
72,91
77,91
78,91
83,91
85,91
86,91
87,91
88,91
89,91
90,91
71,92
72,92
77,92
78,92
83,92
86,92
87,92
88,92
89,92
90,92
91,92
71,93
72,93
77,93
78,93
80,93
83,93
86,93
87,93
88,93
89,93
91,93
92,93
57,94
77,94
85,94
86,94
87,94
88,94
89,94
91,94
57,95
77,95
85,95
86,95
87,95
88,95
89,95
91,95
94,95
71,96
72,96
77,96
78,96
83,96
85,96
86,96
87,96
88,96
89,96
90,96
91,96
92,96
93,96
94,96
95,96
71,97
72,97
77,97
78,97
83,97
85,97
86,97
87,97
88,97
89,97
91,97
92,97
93,97
94,97
95,97
96,97
17,98
34,98
35,98
36,98
37,98
38,98
40,98
41,98
43,98
45,98
49,98
51,98
56,98
57,98
58,98
59,98
60,98
61,98
62,98
66,98
67,98
68,98
71,98
72,98
75,98
77,98
78,98
83,98
86,98
87,98
88,98
89,98
91,98
92,98
93,98
96,98
97,98
71,99
72,99
77,99
78,99
83,99
85,99
86,99
87,99
88,99
89,99
90,99
91,99
92,99
93,99
94,99
95,99
96,99
97,99
98,99
17,100
34,100
35,100
36,100
37,100
38,100
40,100
41,100
43,100
45,100
49,100
51,100
56,100
57,100
58,100
59,100
60,100
61,100
62,100
66,100
67,100
68,100
71,100
72,100
75,100
77,100
78,100
83,100
86,100
87,100
88,100
89,100
90,100
91,100
92,100
93,100
96,100
97,100
98,100
99,100
71,101
72,101
77,101
78,101
83,101
85,101
86,101
87,101
88,101
89,101
90,101
91,101
92,101
93,101
94,101
95,101
96,101
97,101
98,101
99,101
100,101
39,102
43,102
59,102
62,102
64,102
67,102
68,102
79,102
80,102
93,102
77,103
78,103
83,103
85,103
86,103
87,103
88,103
89,103
91,103
94,103
95,103
96,103
97,103
99,103
101,103
71,104
73,104
74,104
77,104
78,104
83,104
85,104
86,104
87,104
88,104
89,104
91,104
94,104
95,104
96,104
97,104
99,104
101,104
103,104
71,105
73,105
74,105
77,105
78,105
83,105
85,105
86,105
87,105
88,105
89,105
91,105
94,105
95,105
96,105
97,105
99,105
101,105
103,105
104,105
71,106
72,106
77,106
78,106
83,106
85,106
86,106
87,106
88,106
89,106
91,106
92,106
93,106
94,106
95,106
96,106
97,106
98,106
99,106
100,106
101,106
103,106
104,106
105,106
71,107
72,107
74,107
77,107
78,107
83,107
85,107
86,107
87,107
88,107
89,107
91,107
92,107
93,107
94,107
95,107
96,107
97,107
98,107
99,107
100,107
101,107
103,107
104,107
105,107
106,107
71,108
72,108
74,108
77,108
78,108
83,108
85,108
86,108
87,108
88,108
89,108
91,108
92,108
93,108
94,108
95,108
96,108
97,108
98,108
99,108
100,108
101,108
103,108
104,108
105,108
106,108
107,108
82,109
102,109
71,110
72,110
77,110
78,110
83,110
85,110
86,110
87,110
88,110
89,110
90,110
91,110
92,110
93,110
94,110
95,110
96,110
97,110
98,110
99,110
100,110
101,110
103,110
104,110
105,110
106,110
107,110
108,110
71,111
72,111
77,111
78,111
83,111
85,111
86,111
87,111
88,111
89,111
90,111
91,111
92,111
93,111
94,111
95,111
96,111
97,111
98,111
99,111
100,111
101,111
103,111
104,111
105,111
106,111
107,111
108,111
110,111
7,112
27,112
71,112
72,112
77,112
78,112
83,112
85,112
86,112
87,112
88,112
89,112
90,112
91,112
92,112
93,112
94,112
95,112
96,112
97,112
98,112
99,112
100,112
101,112
103,112
104,112
105,112
106,112
107,112
108,112
110,112
111,112
71,113
72,113
74,113
77,113
78,113
83,113
85,113
86,113
87,113
88,113
89,113
91,113
92,113
93,113
94,113
95,113
96,113
97,113
98,113
99,113
100,113
101,113
103,113
104,113
105,113
106,113
107,113
108,113
110,113
111,113
112,113
71,114
72,114
77,114
78,114
83,114
85,114
86,114
87,114
88,114
89,114
91,114
92,114
93,114
94,114
95,114
96,114
97,114
98,114
99,114
100,114
101,114
103,114
104,114
105,114
106,114
107,114
108,114
110,114
111,114
112,114
113,114
71,115
72,115
77,115
78,115
83,115
86,115
87,115
88,115
89,115
90,115
91,115
92,115
93,115
96,115
97,115
98,115
99,115
100,115
101,115
103,115
106,115
107,115
108,115
110,115
111,115
112,115
113,115
114,115
71,116
72,116
77,116
78,116
83,116
85,116
86,116
87,116
88,116
89,116
90,116
91,116
92,116
93,116
94,116
95,116
96,116
97,116
98,116
99,116
100,116
101,116
103,116
104,116
105,116
106,116
107,116
108,116
110,116
111,116
112,116
113,116
114,116
115,116
71,117
72,117
77,117
78,117
80,117
83,117
86,117
87,117
88,117
89,117
90,117
91,117
92,117
93,117
96,117
97,117
98,117
99,117
100,117
101,117
106,117
107,117
108,117
110,117
111,117
112,117
113,117
114,117
115,117
116,117
80,118
81,118
83,118
93,118
111,118
117,118
80,119
81,119
83,119
93,119
111,119
117,119
118,119
7,120
9,120
10,120
11,120
12,120
16,120
28,120
29,120
30,120
31,120
34,120
35,120
36,120
37,120
38,120
40,120
41,120
43,120
49,120
50,120
58,120
63,120
94,120
95,120
71,121
72,121
77,121
78,121
83,121
85,121
86,121
87,121
88,121
89,121
91,121
92,121
93,121
94,121
95,121
96,121
97,121
98,121
99,121
100,121
101,121
102,121
103,121
104,121
105,121
106,121
107,121
108,121
110,121
111,121
112,121
113,121
114,121
115,121
116,121
117,121
71,122
72,122
77,122
78,122
81,122
83,122
85,122
86,122
87,122
88,122
89,122
91,122
92,122
93,122
94,122
95,122
96,122
97,122
98,122
99,122
100,122
101,122
103,122
104,122
105,122
106,122
107,122
108,122
110,122
111,122
112,122
113,122
114,122
115,122
116,122
117,122
121,122
7,123
9,123
10,123
11,123
12,123
16,123
28,123
29,123
30,123
31,123
34,123
35,123
36,123
37,123
38,123
40,123
41,123
43,123
49,123
50,123
58,123
63,123
120,123
34,124
35,124
36,124
37,124
38,124
40,124
41,124
43,124
45,124
49,124
51,124
56,124
57,124
58,124
59,124
60,124
61,124
62,124
66,124
67,124
68,124
71,124
72,124
75,124
77,124
78,124
83,124
86,124
87,124
88,124
89,124
91,124
92,124
93,124
96,124
97,124
98,124
99,124
100,124
101,124
106,124
107,124
108,124
110,124
111,124
112,124
113,124
114,124
115,124
116,124
117,124
121,124
122,124
71,125
72,125
77,125
78,125
83,125
86,125
87,125
88,125
89,125
90,125
91,125
92,125
93,125
96,125
97,125
98,125
99,125
100,125
101,125
106,125
107,125
108,125
110,125
111,125
112,125
113,125
114,125
115,125
116,125
117,125
121,125
122,125
124,125
34,126
35,126
36,126
37,126
38,126
40,126
41,126
43,126
45,126
49,126
51,126
56,126
57,126
58,126
59,126
60,126
61,126
62,126
66,126
67,126
68,126
71,126
72,126
75,126
77,126
78,126
81,126
83,126
86,126
87,126
88,126
89,126
90,126
91,126
92,126
93,126
96,126
97,126
98,126
99,126
100,126
101,126
106,126
107,126
108,126
110,126
111,126
112,126
113,126
114,126
115,126
116,126
117,126
121,126
122,126
124,126
125,126
34,127
35,127
36,127
37,127
38,127
40,127
41,127
43,127
45,127
49,127
51,127
56,127
57,127
58,127
59,127
60,127
61,127
62,127
66,127
67,127
68,127
71,127
72,127
75,127
77,127
78,127
83,127
86,127
87,127
88,127
89,127
91,127
92,127
93,127
96,127
97,127
98,127
99,127
100,127
101,127
106,127
107,127
108,127
110,127
111,127
112,127
113,127
114,127
115,127
116,127
117,127
121,127
122,127
124,127
125,127
126,127
17,128
71,128
72,128
77,128
78,128
83,128
86,128
87,128
88,128
89,128
90,128
91,128
92,128
93,128
96,128
97,128
98,128
99,128
100,128
101,128
106,128
107,128
108,128
110,128
111,128
112,128
113,128
114,128
115,128
116,128
117,128
121,128
122,128
124,128
125,128
126,128
127,128
71,129
72,129
77,129
78,129
80,129
83,129
86,129
87,129
88,129
89,129
91,129
92,129
93,129
96,129
97,129
98,129
99,129
100,129
101,129
106,129
107,129
108,129
110,129
111,129
112,129
113,129
114,129
115,129
116,129
117,129
118,129
119,129
121,129
122,129
124,129
125,129
126,129
127,129
128,129
34,130
35,130
36,130
37,130
38,130
40,130
41,130
43,130
45,130
49,130
51,130
56,130
57,130
58,130
59,130
60,130
61,130
62,130
66,130
67,130
68,130
71,130
72,130
75,130
77,130
78,130
83,130
86,130
87,130
88,130
89,130
90,130
91,130
92,130
93,130
96,130
97,130
98,130
99,130
100,130
101,130
106,130
107,130
108,130
110,130
111,130
112,130
113,130
114,130
115,130
116,130
117,130
121,130
122,130
124,130
125,130
126,130
127,130
128,130
129,130
34,131
35,131
36,131
37,131
38,131
40,131
41,131
43,131
45,131
49,131
51,131
56,131
57,131
58,131
59,131
60,131
61,131
62,131
66,131
67,131
68,131
71,131
72,131
75,131
77,131
78,131
83,131
86,131
87,131
88,131
89,131
90,131
91,131
92,131
93,131
96,131
97,131
98,131
99,131
100,131
101,131
106,131
107,131
108,131
110,131
111,131
112,131
113,131
114,131
115,131
116,131
117,131
121,131
122,131
124,131
125,131
126,131
127,131
128,131
129,131
130,131
71,132
72,132
77,132
78,132
80,132
81,132
83,132
85,132
86,132
87,132
88,132
89,132
91,132
92,132
93,132
94,132
95,132
96,132
97,132
98,132
99,132
100,132
101,132
103,132
104,132
105,132
106,132
107,132
108,132
110,132
111,132
112,132
113,132
114,132
115,132
116,132
117,132
118,132
119,132
121,132
122,132
124,132
125,132
126,132
127,132
128,132
129,132
130,132
131,132
43,133
46,133
47,133
48,133
59,133
62,133
63,133
65,133
67,133
68,133
70,133
71,133
73,133
74,133
78,133
86,133
87,133
88,133
89,133
90,133
91,133
92,133
96,133
99,133
100,133
101,133
104,133
105,133
107,133
108,133
110,133
112,133
113,133
115,133
116,133
117,133
125,133
126,133
128,133
43,134
46,134
47,134
48,134
59,134
62,134
63,134
65,134
67,134
68,134
70,134
73,134
75,134
76,134
86,134
87,134
88,134
90,134
91,134
92,134
96,134
99,134
100,134
101,134
110,134
112,134
115,134
116,134
117,134
125,134
127,134
128,134
133,134
34,135
35,135
36,135
37,135
38,135
40,135
41,135
43,135
45,135
46,135
47,135
48,135
49,135
51,135
56,135
57,135
58,135
59,135
60,135
61,135
62,135
63,135
65,135
66,135
67,135
68,135
70,135
71,135
72,135
73,135
75,135
82,135
90,135
93,135
98,135
100,135
102,135
106,135
107,135
108,135
109,135
111,135
113,135
120,135
121,135
122,135
124,135
126,135
127,135
130,135
131,135
133,135
134,135
71,136
72,136
77,136
78,136
80,136
83,136
86,136
87,136
88,136
89,136
90,136
91,136
92,136
93,136
96,136
97,136
98,136
99,136
100,136
101,136
106,136
107,136
108,136
110,136
111,136
112,136
113,136
114,136
115,136
116,136
117,136
118,136
119,136
121,136
122,136
124,136
125,136
126,136
127,136
128,136
129,136
130,136
131,136
132,136
133,136
134,136
71,137
72,137
77,137
78,137
80,137
83,137
86,137
87,137
88,137
89,137
90,137
91,137
92,137
93,137
94,137
95,137
96,137
97,137
98,137
99,137
100,137
101,137
106,137
107,137
108,137
110,137
111,137
112,137
113,137
114,137
115,137
116,137
117,137
118,137
119,137
121,137
122,137
124,137
125,137
126,137
127,137
128,137
129,137
130,137
131,137
132,137
136,137
34,138
35,138
36,138
37,138
38,138
40,138
41,138
43,138
45,138
49,138
51,138
56,138
57,138
58,138
59,138
60,138
61,138
62,138
66,138
67,138
68,138
71,138
72,138
75,138
77,138
78,138
83,138
86,138
87,138
88,138
89,138
91,138
92,138
93,138
96,138
97,138
98,138
99,138
100,138
101,138
106,138
107,138
108,138
110,138
111,138
112,138
113,138
114,138
115,138
116,138
117,138
121,138
122,138
124,138
125,138
126,138
127,138
128,138
129,138
130,138
131,138
132,138
135,138
136,138
137,138
34,139
35,139
36,139
37,139
38,139
40,139
41,139
43,139
45,139
46,139
47,139
48,139
49,139
51,139
56,139
57,139
58,139
59,139
60,139
61,139
62,139
63,139
65,139
66,139
67,139
68,139
70,139
71,139
72,139
73,139
75,139
90,139
93,139
98,139
100,139
102,139
106,139
107,139
108,139
111,139
113,139
121,139
122,139
124,139
126,139
127,139
130,139
131,139
133,139
134,139
135,139
138,139
34,140
35,140
36,140
37,140
38,140
40,140
41,140
43,140
45,140
46,140
47,140
48,140
49,140
51,140
56,140
57,140
58,140
59,140
60,140
61,140
62,140
63,140
65,140
66,140
67,140
68,140
70,140
71,140
72,140
73,140
75,140
90,140
93,140
98,140
100,140
102,140
106,140
107,140
108,140
111,140
113,140
121,140
122,140
124,140
126,140
127,140
130,140
131,140
133,140
134,140
135,140
138,140
139,140
34,141
35,141
36,141
37,141
38,141
40,141
41,141
43,141
45,141
46,141
47,141
48,141
49,141
51,141
56,141
57,141
58,141
59,141
60,141
61,141
62,141
63,141
65,141
66,141
67,141
68,141
70,141
71,141
72,141
73,141
75,141
90,141
93,141
98,141
100,141
102,141
106,141
107,141
108,141
111,141
113,141
121,141
122,141
124,141
126,141
127,141
130,141
131,141
133,141
134,141
135,141
138,141
139,141
140,141
71,142
72,142
77,142
78,142
83,142
85,142
86,142
87,142
88,142
89,142
91,142
92,142
93,142
94,142
95,142
96,142
97,142
98,142
99,142
100,142
101,142
103,142
104,142
105,142
106,142
107,142
108,142
110,142
111,142
112,142
113,142
114,142
115,142
116,142
117,142
121,142
122,142
124,142
125,142
126,142
127,142
128,142
129,142
130,142
131,142
132,142
136,142
137,142
138,142
71,143
72,143
77,143
78,143
83,143
85,143
86,143
87,143
88,143
89,143
91,143
92,143
93,143
94,143
95,143
96,143
97,143
98,143
99,143
100,143
101,143
103,143
104,143
105,143
106,143
107,143
108,143
110,143
111,143
112,143
113,143
114,143
115,143
116,143
117,143
121,143
122,143
124,143
125,143
126,143
127,143
128,143
129,143
130,143
131,143
132,143
136,143
137,143
138,143
142,143
71,144
72,144
77,144
78,144
80,144
83,144
86,144
87,144
88,144
89,144
91,144
92,144
93,144
96,144
97,144
98,144
99,144
100,144
101,144
102,144
106,144
107,144
108,144
110,144
111,144
112,144
113,144
114,144
115,144
116,144
117,144
118,144
119,144
121,144
122,144
124,144
125,144
126,144
127,144
128,144
129,144
130,144
131,144
132,144
136,144
137,144
138,144
142,144
143,144
71,145
72,145
77,145
78,145
80,145
83,145
86,145
87,145
88,145
89,145
91,145
92,145
93,145
96,145
97,145
98,145
99,145
100,145
101,145
102,145
106,145
107,145
108,145
110,145
111,145
112,145
113,145
114,145
115,145
116,145
117,145
118,145
119,145
121,145
122,145
124,145
125,145
126,145
127,145
128,145
129,145
130,145
131,145
132,145
136,145
137,145
138,145
142,145
143,145
144,145
71,146
72,146
77,146
78,146
80,146
83,146
86,146
87,146
88,146
89,146
90,146
91,146
92,146
93,146
96,146
97,146
98,146
99,146
100,146
101,146
106,146
107,146
108,146
110,146
111,146
112,146
113,146
114,146
115,146
116,146
117,146
118,146
119,146
121,146
122,146
124,146
125,146
126,146
127,146
128,146
129,146
130,146
131,146
132,146
136,146
137,146
138,146
142,146
143,146
144,146
145,146
71,147
72,147
77,147
78,147
83,147
85,147
86,147
87,147
88,147
89,147
90,147
91,147
92,147
93,147
94,147
95,147
96,147
97,147
98,147
99,147
100,147
101,147
103,147
104,147
105,147
106,147
107,147
108,147
110,147
111,147
112,147
113,147
114,147
115,147
116,147
117,147
121,147
122,147
124,147
125,147
126,147
127,147
128,147
129,147
130,147
131,147
132,147
136,147
137,147
138,147
142,147
143,147
144,147
145,147
146,147
7,148
27,148
71,148
72,148
77,148
78,148
80,148
83,148
86,148
87,148
88,148
89,148
90,148
91,148
92,148
93,148
96,148
97,148
98,148
99,148
100,148
101,148
106,148
107,148
108,148
110,148
111,148
112,148
113,148
114,148
115,148
116,148
117,148
118,148
119,148
121,148
122,148
124,148
125,148
126,148
127,148
128,148
129,148
130,148
131,148
132,148
133,148
134,148
136,148
137,148
138,148
139,148
140,148
142,148
143,148
144,148
145,148
146,148
147,148
71,149
72,149
77,149
78,149
80,149
83,149
86,149
87,149
88,149
89,149
91,149
92,149
93,149
96,149
97,149
98,149
99,149
100,149
101,149
106,149
107,149
108,149
110,149
111,149
112,149
113,149
114,149
115,149
116,149
117,149
118,149
119,149
121,149
122,149
124,149
125,149
126,149
127,149
128,149
129,149
130,149
131,149
132,149
136,149
137,149
138,149
142,149
143,149
144,149
145,149
146,149
147,149
148,149
71,150
72,150
77,150
78,150
83,150
85,150
86,150
87,150
88,150
89,150
91,150
92,150
93,150
94,150
95,150
96,150
97,150
98,150
99,150
100,150
101,150
103,150
104,150
105,150
106,150
107,150
108,150
110,150
111,150
112,150
113,150
114,150
115,150
116,150
117,150
121,150
122,150
124,150
125,150
126,150
127,150
128,150
129,150
130,150
131,150
132,150
136,150
137,150
138,150
142,150
143,150
144,150
145,150
146,150
147,150
148,150
149,150
71,151
72,151
77,151
78,151
83,151
86,151
87,151
88,151
89,151
90,151
91,151
92,151
93,151
96,151
97,151
98,151
99,151
100,151
101,151
106,151
107,151
108,151
110,151
111,151
112,151
113,151
114,151
115,151
116,151
117,151
121,151
122,151
124,151
125,151
126,151
127,151
128,151
129,151
130,151
131,151
132,151
133,151
134,151
136,151
137,151
138,151
142,151
143,151
144,151
145,151
146,151
147,151
148,151
149,151
150,151
17,152
71,152
72,152
77,152
78,152
83,152
86,152
87,152
88,152
89,152
90,152
91,152
92,152
93,152
96,152
97,152
98,152
99,152
100,152
101,152
106,152
107,152
108,152
110,152
111,152
112,152
113,152
114,152
115,152
116,152
117,152
121,152
122,152
124,152
125,152
126,152
127,152
128,152
129,152
130,152
131,152
132,152
133,152
134,152
136,152
137,152
138,152
142,152
143,152
144,152
145,152
146,152
147,152
148,152
149,152
150,152
151,152
71,153
72,153
75,153
76,153
77,153
78,153
83,153
85,153
86,153
87,153
88,153
89,153
90,153
91,153
92,153
93,153
94,153
95,153
96,153
97,153
98,153
99,153
100,153
101,153
103,153
104,153
105,153
106,153
107,153
108,153
110,153
111,153
112,153
113,153
114,153
115,153
116,153
117,153
121,153
122,153
124,153
125,153
126,153
127,153
128,153
129,153
130,153
131,153
132,153
133,153
134,153
136,153
137,153
138,153
142,153
143,153
144,153
145,153
146,153
147,153
148,153
149,153
150,153
151,153
152,153
7,154
27,154
71,154
72,154
77,154
78,154
83,154
85,154
86,154
87,154
88,154
89,154
91,154
92,154
93,154
94,154
95,154
96,154
97,154
98,154
99,154
100,154
101,154
103,154
104,154
105,154
106,154
107,154
108,154
110,154
111,154
112,154
113,154
114,154
115,154
116,154
117,154
121,154
122,154
124,154
125,154
126,154
127,154
128,154
129,154
130,154
131,154
132,154
135,154
136,154
137,154
138,154
139,154
140,154
141,154
142,154
143,154
144,154
145,154
146,154
147,154
148,154
149,154
150,154
151,154
152,154
153,154
34,155
35,155
36,155
37,155
38,155
40,155
41,155
43,155
45,155
46,155
47,155
48,155
49,155
51,155
56,155
57,155
58,155
59,155
60,155
61,155
62,155
63,155
65,155
66,155
67,155
68,155
70,155
71,155
72,155
73,155
75,155
90,155
98,155
100,155
102,155
106,155
107,155
108,155
111,155
113,155
122,155
124,155
126,155
127,155
130,155
131,155
133,155
134,155
135,155
138,155
139,155
140,155
141,155
142,155
147,155
154,155
43,156
46,156
47,156
48,156
59,156
62,156
63,156
65,156
67,156
68,156
70,156
73,156
78,156
82,156
86,156
87,156
88,156
89,156
90,156
91,156
92,156
96,156
99,156
100,156
101,156
109,156
110,156
112,156
114,156
115,156
116,156
117,156
125,156
126,156
128,156
129,156
133,156
134,156
135,156
136,156
139,156
140,156
141,156
144,156
145,156
146,156
148,156
149,156
151,156
152,156
153,156
155,156
71,157
72,157
77,157
78,157
80,157
83,157
86,157
87,157
88,157
89,157
90,157
91,157
92,157
93,157
96,157
97,157
98,157
99,157
100,157
101,157
106,157
107,157
108,157
110,157
111,157
112,157
113,157
114,157
115,157
116,157
117,157
118,157
119,157
121,157
122,157
124,157
125,157
126,157
127,157
128,157
129,157
130,157
131,157
132,157
136,157
137,157
138,157
142,157
143,157
144,157
145,157
146,157
147,157
148,157
149,157
150,157
151,157
152,157
153,157
154,157
156,157
17,158
71,158
72,158
77,158
78,158
83,158
85,158
86,158
87,158
88,158
89,158
90,158
91,158
92,158
93,158
94,158
95,158
96,158
97,158
98,158
99,158
100,158
101,158
103,158
104,158
105,158
106,158
107,158
108,158
110,158
111,158
112,158
113,158
114,158
115,158
116,158
117,158
121,158
122,158
124,158
125,158
126,158
127,158
128,158
129,158
130,158
131,158
132,158
133,158
134,158
136,158
137,158
138,158
142,158
143,158
144,158
145,158
146,158
147,158
148,158
149,158
150,158
151,158
152,158
153,158
154,158
156,158
157,158
71,159
72,159
77,159
78,159
83,159
85,159
86,159
87,159
88,159
89,159
91,159
92,159
93,159
94,159
95,159
96,159
97,159
98,159
99,159
100,159
101,159
103,159
104,159
105,159
106,159
107,159
108,159
110,159
111,159
112,159
113,159
114,159
115,159
116,159
117,159
121,159
122,159
124,159
125,159
126,159
127,159
128,159
129,159
130,159
131,159
132,159
136,159
137,159
138,159
142,159
143,159
144,159
145,159
146,159
147,159
148,159
149,159
150,159
151,159
152,159
153,159
154,159
157,159
158,159
71,160
72,160
77,160
78,160
83,160
85,160
86,160
87,160
88,160
89,160
91,160
92,160
93,160
94,160
95,160
96,160
97,160
98,160
99,160
100,160
101,160
103,160
104,160
105,160
106,160
107,160
108,160
110,160
111,160
112,160
113,160
114,160
115,160
116,160
117,160
121,160
122,160
124,160
125,160
126,160
127,160
128,160
129,160
130,160
131,160
132,160
136,160
137,160
138,160
142,160
143,160
144,160
145,160
146,160
147,160
148,160
149,160
150,160
151,160
152,160
153,160
154,160
157,160
158,160
159,160
34,161
35,161
36,161
37,161
38,161
40,161
41,161
43,161
45,161
46,161
47,161
48,161
49,161
51,161
56,161
57,161
58,161
59,161
60,161
61,161
62,161
63,161
65,161
66,161
67,161
68,161
70,161
71,161
72,161
73,161
75,161
90,161
93,161
98,161
100,161
102,161
106,161
107,161
108,161
111,161
113,161
121,161
122,161
124,161
126,161
127,161
130,161
131,161
133,161
134,161
135,161
138,161
139,161
140,161
141,161
148,161
154,161
155,161
156,161
43,162
46,162
47,162
48,162
59,162
62,162
63,162
65,162
67,162
68,162
70,162
73,162
86,162
87,162
88,162
89,162
90,162
91,162
92,162
96,162
98,162
99,162
100,162
101,162
110,162
112,162
115,162
116,162
117,162
125,162
126,162
128,162
133,162
134,162
135,162
136,162
139,162
140,162
141,162
148,162
151,162
152,162
153,162
155,162
156,162
158,162
161,162
71,163
72,163
77,163
78,163
80,163
83,163
85,163
86,163
87,163
88,163
89,163
91,163
92,163
93,163
94,163
95,163
96,163
97,163
98,163
99,163
100,163
101,163
103,163
104,163
105,163
106,163
107,163
108,163
110,163
111,163
112,163
113,163
114,163
115,163
116,163
117,163
121,163
122,163
124,163
125,163
126,163
127,163
128,163
129,163
130,163
131,163
132,163
136,163
137,163
138,163
142,163
143,163
144,163
145,163
146,163
147,163
148,163
149,163
150,163
151,163
152,163
153,163
154,163
156,163
157,163
158,163
159,163
160,163
71,164
72,164
77,164
78,164
80,164
83,164
86,164
87,164
88,164
89,164
91,164
92,164
93,164
96,164
97,164
98,164
99,164
100,164
101,164
106,164
107,164
108,164
110,164
111,164
112,164
113,164
114,164
115,164
116,164
117,164
118,164
119,164
121,164
122,164
124,164
125,164
126,164
127,164
128,164
129,164
130,164
131,164
132,164
136,164
137,164
138,164
142,164
143,164
144,164
145,164
146,164
147,164
148,164
149,164
150,164
151,164
152,164
153,164
154,164
156,164
157,164
158,164
159,164
160,164
163,164
71,165
72,165
77,165
78,165
80,165
81,165
83,165
85,165
86,165
87,165
88,165
89,165
91,165
92,165
93,165
96,165
97,165
98,165
99,165
100,165
101,165
106,165
107,165
108,165
110,165
111,165
112,165
113,165
114,165
115,165
116,165
117,165
118,165
119,165
121,165
122,165
124,165
125,165
126,165
127,165
128,165
129,165
130,165
131,165
132,165
136,165
137,165
138,165
142,165
143,165
144,165
145,165
146,165
147,165
148,165
149,165
150,165
151,165
152,165
153,165
154,165
156,165
157,165
158,165
159,165
160,165
163,165
164,165
17,166
71,166
72,166
77,166
78,166
83,166
85,166
86,166
87,166
88,166
89,166
91,166
92,166
93,166
94,166
95,166
96,166
97,166
98,166
99,166
100,166
101,166
103,166
104,166
105,166
106,166
107,166
108,166
110,166
111,166
112,166
113,166
114,166
115,166
116,166
117,166
121,166
122,166
124,166
125,166
126,166
127,166
128,166
129,166
130,166
131,166
132,166
135,166
136,166
137,166
138,166
139,166
140,166
141,166
142,166
143,166
144,166
145,166
146,166
147,166
148,166
149,166
150,166
151,166
152,166
153,166
154,166
155,166
157,166
158,166
159,166
160,166
161,166
163,166
164,166
165,166
34,167
35,167
36,167
37,167
38,167
40,167
41,167
43,167
45,167
46,167
47,167
48,167
49,167
51,167
56,167
57,167
58,167
59,167
60,167
61,167
62,167
63,167
65,167
66,167
67,167
68,167
70,167
71,167
72,167
73,167
75,167
90,167
93,167
98,167
100,167
102,167
106,167
107,167
108,167
111,167
113,167
121,167
122,167
124,167
126,167
127,167
130,167
131,167
133,167
134,167
135,167
138,167
139,167
140,167
141,167
148,167
154,167
155,167
156,167
161,167
162,167
166,167
71,168
72,168
77,168
78,168
83,168
85,168
86,168
87,168
88,168
89,168
91,168
92,168
93,168
94,168
95,168
96,168
97,168
98,168
99,168
100,168
101,168
103,168
104,168
105,168
106,168
107,168
108,168
110,168
111,168
112,168
113,168
114,168
115,168
116,168
117,168
121,168
122,168
124,168
125,168
126,168
127,168
128,168
129,168
130,168
131,168
132,168
135,168
136,168
137,168
138,168
139,168
140,168
141,168
142,168
143,168
144,168
145,168
146,168
147,168
148,168
149,168
150,168
151,168
152,168
153,168
154,168
155,168
157,168
158,168
159,168
160,168
161,168
163,168
164,168
165,168
166,168
167,168
16,169
31,169
74,169
75,169
76,169
85,169
96,169
114,169
117,169
129,169
136,169
168,169
71,170
72,170
77,170
78,170
83,170
86,170
87,170
88,170
89,170
91,170
92,170
93,170
96,170
97,170
98,170
99,170
100,170
101,170
103,170
104,170
105,170
106,170
107,170
108,170
110,170
111,170
112,170
113,170
114,170
115,170
116,170
117,170
121,170
122,170
124,170
125,170
126,170
127,170
128,170
129,170
130,170
131,170
132,170
136,170
137,170
138,170
142,170
143,170
144,170
145,170
146,170
147,170
148,170
149,170
150,170
151,170
152,170
153,170
154,170
156,170
157,170
158,170
159,170
160,170
163,170
164,170
165,170
166,170
168,170
71,171
72,171
77,171
78,171
83,171
86,171
87,171
88,171
89,171
91,171
92,171
93,171
94,171
95,171
96,171
97,171
98,171
99,171
100,171
101,171
106,171
107,171
108,171
110,171
111,171
112,171
113,171
114,171
115,171
116,171
117,171
121,171
122,171
124,171
125,171
126,171
127,171
128,171
129,171
130,171
131,171
132,171
136,171
137,171
138,171
142,171
143,171
144,171
145,171
146,171
147,171
148,171
149,171
150,171
151,171
152,171
153,171
154,171
156,171
157,171
158,171
159,171
160,171
163,171
164,171
165,171
166,171
168,171
170,171
43,172
46,172
47,172
48,172
55,172
59,172
62,172
63,172
65,172
67,172
68,172
70,172
73,172
90,172
104,172
105,172
133,172
134,172
135,172
139,172
140,172
141,172
155,172
156,172
161,172
162,172
167,172
170,172
171,172
28,173
43,173
46,173
47,173
48,173
50,173
55,173
59,173
60,173
61,173
62,173
63,173
65,173
67,173
68,173
70,173
73,173
74,173
90,173
133,173
134,173
135,173
139,173
140,173
141,173
155,173
156,173
161,173
162,173
167,173
172,173
28,174
43,174
46,174
47,174
48,174
50,174
55,174
59,174
60,174
61,174
62,174
63,174
65,174
67,174
68,174
70,174
73,174
74,174
90,174
104,174
105,174
133,174
134,174
135,174
139,174
140,174
141,174
155,174
156,174
161,174
162,174
167,174
172,174
173,174
42,175
71,175
72,175
77,175
78,175
83,175
86,175
87,175
88,175
89,175
91,175
92,175
93,175
96,175
97,175
98,175
99,175
100,175
101,175
106,175
107,175
108,175
110,175
111,175
112,175
113,175
114,175
115,175
116,175
117,175
121,175
122,175
124,175
125,175
126,175
127,175
128,175
129,175
130,175
131,175
132,175
136,175
137,175
138,175
142,175
143,175
144,175
145,175
146,175
147,175
148,175
149,175
150,175
151,175
152,175
153,175
154,175
157,175
158,175
159,175
160,175
163,175
164,175
165,175
166,175
168,175
170,175
171,175
42,176
71,176
72,176
77,176
78,176
83,176
86,176
87,176
88,176
89,176
91,176
92,176
93,176
96,176
97,176
98,176
99,176
100,176
101,176
106,176
107,176
108,176
110,176
111,176
112,176
113,176
114,176
115,176
116,176
117,176
121,176
122,176
124,176
125,176
126,176
127,176
128,176
129,176
130,176
131,176
132,176
136,176
137,176
138,176
142,176
143,176
144,176
145,176
146,176
147,176
148,176
149,176
150,176
151,176
152,176
153,176
154,176
157,176
158,176
159,176
160,176
163,176
164,176
165,176
166,176
168,176
170,176
171,176
175,176
79,177
80,177
100,177
102,177
118,177
119,177
166,177
70,178
79,178
80,178
102,178
118,178
119,178
177,178
39,179
43,179
59,179
62,179
64,179
67,179
68,179
79,179
80,179
102,179
109,179
135,179
139,179
140,179
141,179
155,179
161,179
163,179
167,179
177,179
178,179
39,180
43,180
59,180
62,180
64,180
67,180
68,180
79,180
80,180
102,180
135,180
139,180
140,180
141,180
155,180
161,180
167,180
177,180
178,180
179,180
27,181
34,181
35,181
36,181
39,181
40,181
41,181
43,181
44,181
45,181
46,181
47,181
48,181
49,181
51,181
56,181
57,181
58,181
59,181
60,181
61,181
62,181
65,181
66,181
67,181
68,181
71,181
72,181
73,181
74,181
75,181
76,181
85,181
96,181
98,181
100,181
114,181
117,181
124,181
126,181
127,181
129,181
130,181
131,181
135,181
136,181
138,181
139,181
140,181
141,181
155,181
161,181
167,181
168,181
169,181
173,181
174,181
43,182
59,182
62,182
67,182
68,182
77,182
79,182
80,182
85,182
86,182
87,182
88,182
89,182
91,182
92,182
93,182
94,182
95,182
96,182
97,182
99,182
101,182
102,182
103,182
104,182
105,182
106,182
107,182
108,182
110,182
111,182
112,182
113,182
114,182
116,182
117,182
121,182
122,182
132,182
135,182
136,182
139,182
140,182
141,182
142,182
143,182
147,182
148,182
150,182
153,182
154,182
155,182
158,182
159,182
160,182
161,182
163,182
164,182
166,182
167,182
168,182
177,182
178,182
179,182
180,182
43,183
59,183
62,183
67,183
68,183
77,183
79,183
80,183
85,183
86,183
87,183
88,183
89,183
91,183
93,183
94,183
95,183
96,183
97,183
99,183
101,183
102,183
103,183
104,183
105,183
106,183
107,183
108,183
110,183
111,183
112,183
113,183
114,183
116,183
117,183
121,183
122,183
132,183
135,183
136,183
139,183
140,183
141,183
142,183
143,183
147,183
148,183
150,183
153,183
154,183
155,183
158,183
159,183
160,183
161,183
163,183
166,183
167,183
168,183
177,183
178,183
179,183
180,183
182,183
43,184
59,184
62,184
67,184
68,184
77,184
79,184
80,184
85,184
86,184
87,184
88,184
89,184
91,184
93,184
94,184
95,184
96,184
97,184
99,184
101,184
102,184
103,184
104,184
105,184
106,184
107,184
108,184
110,184
111,184
112,184
113,184
114,184
116,184
117,184
121,184
122,184
132,184
135,184
136,184
139,184
140,184
141,184
142,184
143,184
144,184
145,184
147,184
148,184
150,184
153,184
154,184
155,184
158,184
159,184
160,184
161,184
163,184
166,184
167,184
168,184
177,184
178,184
179,184
180,184
182,184
183,184
43,185
59,185
62,185
67,185
68,185
77,185
79,185
80,185
85,185
86,185
87,185
88,185
89,185
91,185
93,185
94,185
95,185
96,185
97,185
99,185
101,185
102,185
103,185
104,185
105,185
106,185
107,185
108,185
110,185
111,185
112,185
113,185
114,185
116,185
117,185
121,185
122,185
132,185
135,185
136,185
139,185
140,185
141,185
142,185
143,185
144,185
145,185
147,185
148,185
150,185
153,185
154,185
155,185
158,185
159,185
160,185
161,185
163,185
166,185
167,185
168,185
177,185
178,185
179,185
180,185
182,185
183,185
184,185
43,186
59,186
62,186
67,186
68,186
77,186
79,186
80,186
85,186
86,186
87,186
88,186
89,186
91,186
93,186
94,186
95,186
96,186
97,186
99,186
101,186
102,186
103,186
104,186
105,186
106,186
107,186
108,186
110,186
111,186
112,186
113,186
114,186
116,186
117,186
121,186
122,186
132,186
135,186
136,186
139,186
140,186
141,186
142,186
143,186
147,186
148,186
150,186
153,186
154,186
155,186
158,186
159,186
160,186
161,186
163,186
166,186
167,186
168,186
177,186
178,186
179,186
180,186
182,186
183,186
184,186
185,186
43,187
59,187
62,187
67,187
68,187
77,187
79,187
80,187
85,187
86,187
87,187
88,187
89,187
91,187
93,187
94,187
95,187
96,187
97,187
99,187
101,187
102,187
103,187
104,187
105,187
106,187
107,187
108,187
110,187
111,187
112,187
113,187
114,187
116,187
117,187
121,187
122,187
132,187
135,187
136,187
139,187
140,187
141,187
142,187
143,187
147,187
148,187
150,187
153,187
154,187
155,187
158,187
159,187
160,187
161,187
163,187
166,187
167,187
168,187
177,187
178,187
179,187
180,187
182,187
183,187
184,187
185,187
186,187
77,188
78,188
79,188
83,188
103,188
104,188
105,188
132,188
150,188
159,188
160,188
170,188
177,188
181,188
46,189
47,189
48,189
63,189
65,189
79,189
80,189
81,189
93,189
99,189
101,189
102,189
106,189
107,189
108,189
111,189
112,189
113,189
116,189
117,189
118,189
119,189
121,189
122,189
129,189
136,189
137,189
142,189
144,189
145,189
146,189
147,189
148,189
149,189
154,189
157,189
164,189
165,189
166,189
168,189
177,189
178,189
179,189
180,189
182,189
183,189
184,189
185,189
186,189
187,189
43,190
59,190
62,190
67,190
68,190
77,190
79,190
80,190
85,190
86,190
87,190
88,190
89,190
91,190
93,190
94,190
95,190
96,190
97,190
99,190
101,190
102,190
103,190
104,190
105,190
106,190
107,190
108,190
110,190
111,190
112,190
113,190
114,190
116,190
117,190
121,190
122,190
132,190
135,190
136,190
139,190
140,190
141,190
142,190
143,190
147,190
148,190
150,190
153,190
154,190
155,190
158,190
159,190
160,190
161,190
163,190
166,190
167,190
168,190
177,190
178,190
179,190
180,190
182,190
183,190
184,190
185,190
186,190
187,190
189,190
43,191
59,191
62,191
67,191
68,191
77,191
79,191
80,191
85,191
86,191
87,191
88,191
89,191
91,191
93,191
94,191
95,191
96,191
97,191
99,191
101,191
102,191
103,191
104,191
105,191
106,191
107,191
108,191
110,191
111,191
112,191
113,191
114,191
116,191
117,191
121,191
122,191
132,191
135,191
136,191
139,191
140,191
141,191
142,191
143,191
144,191
145,191
147,191
148,191
150,191
153,191
154,191
155,191
158,191
159,191
160,191
161,191
163,191
166,191
167,191
168,191
175,191
177,191
178,191
179,191
180,191
182,191
183,191
184,191
185,191
186,191
187,191
189,191
190,191
27,192
34,192
35,192
36,192
40,192
41,192
43,192
44,192
45,192
46,192
47,192
48,192
49,192
51,192
56,192
57,192
58,192
59,192
60,192
61,192
62,192
63,192
65,192
66,192
67,192
68,192
70,192
71,192
72,192
73,192
74,192
75,192
90,192
98,192
100,192
102,192
124,192
126,192
127,192
130,192
131,192
133,192
134,192
135,192
138,192
139,192
140,192
141,192
155,192
156,192
161,192
162,192
167,192
172,192
173,192
174,192
179,192
180,192
181,192
182,192
183,192
184,192
185,192
186,192
187,192
190,192
191,192
34,193
35,193
36,193
37,193
38,193
39,193
40,193
41,193
43,193
45,193
49,193
51,193
56,193
57,193
58,193
59,193
60,193
61,193
62,193
63,193
66,193
67,193
68,193
71,193
72,193
74,193
75,193
76,193
85,193
95,193
98,193
100,193
106,193
107,193
108,193
120,193
121,193
122,193
123,193
124,193
126,193
127,193
130,193
131,193
135,193
138,193
139,193
140,193
141,193
154,193
155,193
161,193
166,193
167,193
168,193
169,193
181,193
192,193
39,194
74,194
75,194
76,194
77,194
80,194
81,194
85,194
86,194
87,194
88,194
89,194
91,194
93,194
94,194
95,194
96,194
97,194
99,194
101,194
102,194
103,194
104,194
105,194
106,194
107,194
108,194
110,194
111,194
112,194
113,194
114,194
116,194
120,194
121,194
122,194
123,194
132,194
137,194
142,194
143,194
144,194
145,194
147,194
150,194
153,194
154,194
158,194
159,194
160,194
163,194
166,194
168,194
169,194
171,194
176,194
181,194
182,194
183,194
184,194
185,194
186,194
187,194
190,194
191,194
193,194
34,195
35,195
36,195
37,195
38,195
39,195
40,195
41,195
43,195
45,195
49,195
51,195
56,195
57,195
58,195
59,195
60,195
61,195
62,195
63,195
66,195
67,195
68,195
71,195
72,195
74,195
75,195
76,195
80,195
81,195
85,195
98,195
100,195
120,195
123,195
124,195
126,195
127,195
130,195
131,195
132,195
135,195
138,195
139,195
140,195
141,195
155,195
161,195
163,195
167,195
169,195
179,195
181,195
186,195
187,195
192,195
193,195
194,195
16,196
31,196
74,196
75,196
76,196
85,196
128,196
152,196
169,196
181,196
192,196
193,196
194,196
195,196
34,197
35,197
36,197
37,197
38,197
39,197
40,197
41,197
43,197
45,197
49,197
51,197
56,197
57,197
58,197
59,197
60,197
61,197
62,197
63,197
66,197
67,197
68,197
71,197
72,197
74,197
75,197
76,197
80,197
81,197
85,197
93,197
98,197
100,197
102,197
120,197
121,197
123,197
124,197
126,197
127,197
130,197
131,197
132,197
135,197
138,197
139,197
140,197
141,197
144,197
145,197
155,197
161,197
167,197
169,197
176,197
181,197
184,197
185,197
191,197
192,197
193,197
194,197
195,197
196,197
16,198
31,198
74,198
75,198
76,198
85,198
94,198
109,198
169,198
181,198
192,198
193,198
194,198
195,198
196,198
197,198
34,199
35,199
36,199
37,199
38,199
39,199
40,199
41,199
42,199
43,199
45,199
49,199
51,199
56,199
57,199
58,199
59,199
60,199
61,199
62,199
63,199
66,199
67,199
68,199
70,199
71,199
72,199
74,199
75,199
76,199
80,199
81,199
85,199
94,199
95,199
98,199
100,199
120,199
123,199
124,199
126,199
127,199
130,199
131,199
132,199
135,199
138,199
139,199
140,199
141,199
155,199
161,199
167,199
169,199
181,199
192,199
193,199
194,199
195,199
196,199
197,199
198,199
34,200
35,200
36,200
37,200
38,200
39,200
40,200
41,200
43,200
45,200
49,200
51,200
56,200
57,200
58,200
59,200
60,200
61,200
62,200
63,200
66,200
67,200
68,200
71,200
72,200
74,200
75,200
76,200
80,200
81,200
85,200
98,200
100,200
120,200
123,200
124,200
126,200
127,200
130,200
131,200
132,200
135,200
138,200
139,200
140,200
141,200
150,200
155,200
161,200
167,200
169,200
181,200
192,200
193,200
194,200
195,200
196,200
197,200
198,200
199,200
34,201
35,201
36,201
37,201
38,201
39,201
40,201
41,201
43,201
45,201
49,201
51,201
56,201
57,201
58,201
59,201
60,201
61,201
62,201
63,201
66,201
67,201
68,201
71,201
72,201
74,201
75,201
76,201
80,201
81,201
85,201
94,201
95,201
98,201
100,201
120,201
123,201
124,201
126,201
127,201
130,201
131,201
132,201
135,201
138,201
139,201
140,201
141,201
150,201
155,201
161,201
167,201
169,201
181,201
192,201
193,201
194,201
195,201
196,201
197,201
198,201
199,201
200,201
34,202
35,202
36,202
37,202
38,202
39,202
40,202
41,202
43,202
45,202
49,202
51,202
56,202
57,202
58,202
59,202
60,202
61,202
62,202
63,202
66,202
67,202
68,202
71,202
72,202
73,202
74,202
75,202
76,202
80,202
81,202
85,202
98,202
100,202
120,202
123,202
124,202
126,202
127,202
130,202
131,202
132,202
135,202
138,202
139,202
140,202
141,202
150,202
155,202
161,202
167,202
169,202
181,202
192,202
193,202
194,202
195,202
196,202
197,202
198,202
199,202
200,202
201,202
34,203
35,203
36,203
37,203
38,203
39,203
40,203
41,203
43,203
45,203
49,203
51,203
56,203
57,203
58,203
59,203
60,203
61,203
62,203
63,203
66,203
67,203
68,203
71,203
72,203
73,203
74,203
75,203
76,203
80,203
81,203
85,203
98,203
100,203
120,203
123,203
124,203
126,203
127,203
130,203
131,203
132,203
135,203
138,203
139,203
140,203
141,203
150,203
155,203
161,203
167,203
169,203
181,203
192,203
193,203
194,203
195,203
196,203
197,203
198,203
199,203
200,203
201,203
202,203
34,204
35,204
36,204
37,204
38,204
39,204
40,204
41,204
43,204
45,204
49,204
51,204
56,204
57,204
58,204
59,204
60,204
61,204
62,204
63,204
66,204
67,204
68,204
71,204
72,204
73,204
74,204
75,204
76,204
80,204
81,204
85,204
98,204
100,204
120,204
123,204
124,204
126,204
127,204
130,204
131,204
132,204
135,204
138,204
139,204
140,204
141,204
150,204
155,204
161,204
167,204
169,204
181,204
192,204
193,204
194,204
195,204
196,204
197,204
198,204
199,204
200,204
201,204
202,204
203,204
16,205
31,205
34,205
35,205
36,205
40,205
41,205
43,205
46,205
47,205
48,205
49,205
58,205
63,205
65,205
74,205
75,205
76,205
80,205
81,205
85,205
94,205
95,205
120,205
123,205
132,205
169,205
181,205
193,205
194,205
195,205
196,205
197,205
198,205
199,205
200,205
201,205
202,205
203,205
204,205
34,206
35,206
36,206
37,206
38,206
39,206
40,206
41,206
43,206
45,206
49,206
51,206
56,206
57,206
58,206
59,206
60,206
61,206
62,206
63,206
66,206
67,206
68,206
71,206
72,206
74,206
75,206
76,206
80,206
81,206
85,206
93,206
94,206
95,206
98,206
100,206
102,206
120,206
121,206
123,206
124,206
126,206
127,206
130,206
131,206
132,206
135,206
138,206
139,206
140,206
141,206
144,206
145,206
155,206
161,206
167,206
169,206
176,206
181,206
184,206
185,206
191,206
192,206
193,206
194,206
195,206
196,206
197,206
198,206
199,206
200,206
201,206
202,206
203,206
204,206
205,206
27,207
34,207
35,207
36,207
39,207
40,207
41,207
43,207
44,207
45,207
46,207
47,207
48,207
49,207
51,207
56,207
57,207
58,207
59,207
60,207
61,207
62,207
65,207
66,207
67,207
68,207
71,207
72,207
73,207
74,207
75,207
76,207
83,207
85,207
95,207
98,207
99,207
100,207
101,207
103,207
104,207
105,207
106,207
112,207
116,207
117,207
120,207
124,207
126,207
127,207
130,207
131,207
135,207
136,207
138,207
139,207
140,207
141,207
150,207
155,207
161,207
167,207
169,207
173,207
174,207
181,207
192,207
193,207
194,207
195,207
196,207
197,207
198,207
199,207
200,207
201,207
202,207
203,207
204,207
205,207
206,207
8,208
18,208
39,208
74,208
75,208
76,208
80,208
81,208
85,208
132,208
135,208
150,208
156,208
169,208
181,208
193,208
194,208
195,208
196,208
197,208
198,208
199,208
200,208
201,208
202,208
203,208
204,208
205,208
206,208
207,208
79,209
82,209
109,209
135,209
156,209
169,209
177,209
181,209
188,209
16,210
31,210
74,210
75,210
76,210
80,210
85,210
109,210
163,210
169,210
179,210
181,210
183,210
184,210
185,210
186,210
187,210
189,210
191,210
193,210
194,210
195,210
196,210
197,210
198,210
199,210
200,210
201,210
202,210
203,210
204,210
205,210
206,210
207,210
208,210
7,211
9,211
10,211
11,211
12,211
16,211
28,211
29,211
30,211
31,211
37,211
38,211
50,211
63,211
90,211
100,211
115,211
120,211
123,211
125,211
126,211
128,211
133,211
134,211
151,211
152,211
162,211
166,211
177,211
181,211
196,211
205,211
74,212
75,212
76,212
85,212
120,212
123,212
146,212
148,212
169,212
181,212
193,212
194,212
195,212
196,212
197,212
198,212
199,212
200,212
201,212
202,212
203,212
204,212
205,212
206,212
207,212
208,212
210,212
74,213
75,213
76,213
85,213
169,213
181,213
193,213
194,213
195,213
196,213
197,213
198,213
199,213
200,213
201,213
202,213
203,213
204,213
205,213
206,213
207,213
208,213
210,213
212,213
74,214
75,214
76,214
85,214
169,214
181,214
193,214
194,214
195,214
196,214
197,214
198,214
199,214
200,214
201,214
202,214
203,214
204,214
205,214
206,214
207,214
208,214
210,214
212,214
213,214
34,215
35,215
36,215
40,215
41,215
43,215
49,215
58,215
63,215
74,215
75,215
76,215
85,215
95,215
106,215
120,215
123,215
169,215
181,215
193,215
194,215
195,215
196,215
197,215
198,215
199,215
200,215
201,215
202,215
203,215
204,215
205,215
206,215
207,215
208,215
210,215
212,215
213,215
214,215
77,216
78,216
79,216
82,216
83,216
86,216
87,216
88,216
103,216
104,216
105,216
109,216
132,216
135,216
143,216
150,216
153,216
156,216
159,216
160,216
170,216
177,216
181,216
188,216
209,216
27,217
44,217
60,217
61,217
67,217
68,217
75,217
79,217
82,217
109,217
135,217
156,217
177,217
181,217
188,217
192,217
207,217
209,217
216,217
27,218
44,218
60,218
61,218
67,218
68,218
75,218
79,218
82,218
109,218
135,218
156,218
177,218
181,218
188,218
192,218
207,218
209,218
216,218
217,218
79,219
91,219
94,219
95,219
96,219
97,219
99,219
101,219
106,219
107,219
108,219
109,219
110,219
111,219
112,219
113,219
114,219
116,219
121,219
122,219
142,219
147,219
154,219
158,219
163,219
166,219
168,219
177,219
182,219
183,219
184,219
185,219
186,219
187,219
188,219
190,219
191,219
194,219
209,219
216,219
217,219
218,219
41,220
42,220
45,220
70,220
77,220
79,220
86,220
87,220
88,220
103,220
104,220
105,220
109,220
132,220
143,220
150,220
153,220
159,220
160,220
178,220
188,220
209,220
216,220
217,220
218,220
219,220
79,221
91,221
94,221
95,221
96,221
97,221
99,221
100,221
101,221
106,221
107,221
108,221
110,221
111,221
112,221
113,221
114,221
116,221
121,221
122,221
137,221
142,221
147,221
154,221
158,221
163,221
166,221
168,221
171,221
177,221
182,221
183,221
184,221
185,221
186,221
187,221
188,221
190,221
191,221
194,221
209,221
211,221
216,221
217,221
218,221
219,221
220,221
79,222
109,222
178,222
188,222
209,222
216,222
217,222
218,222
219,222
220,222
221,222
79,223
109,223
178,223
188,223
209,223
216,223
217,223
218,223
219,223
220,223
221,223
222,223
27,224
44,224
46,224
47,224
48,224
60,224
61,224
65,224
67,224
68,224
73,224
74,224
75,224
79,224
80,224
102,224
173,224
174,224
179,224
180,224
181,224
182,224
183,224
184,224
185,224
186,224
187,224
188,224
189,224
190,224
191,224
192,224
196,224
198,224
207,224
209,224
216,224
217,224
218,224
219,224
220,224
221,224
222,224
223,224
71,225
72,225
77,225
78,225
83,225
85,225
86,225
87,225
88,225
89,225
91,225
92,225
93,225
94,225
95,225
96,225
97,225
98,225
99,225
100,225
101,225
103,225
104,225
105,225
106,225
107,225
108,225
110,225
111,225
112,225
113,225
114,225
115,225
116,225
117,225
121,225
122,225
124,225
125,225
126,225
127,225
128,225
129,225
130,225
131,225
132,225
135,225
136,225
137,225
138,225
139,225
140,225
141,225
142,225
143,225
144,225
145,225
146,225
147,225
148,225
149,225
150,225
151,225
152,225
153,225
154,225
155,225
157,225
158,225
159,225
160,225
161,225
163,225
164,225
165,225
166,225
167,225
168,225
170,225
171,225
175,225
176,225
182,225
183,225
184,225
185,225
186,225
187,225
189,225
190,225
191,225
193,225
194,225
207,225
215,225
219,225
221,225
39,226
74,226
75,226
76,226
77,226
78,226
83,226
85,226
86,226
87,226
88,226
89,226
91,226
94,226
95,226
96,226
97,226
99,226
100,226
101,226
103,226
104,226
105,226
106,226
107,226
108,226
110,226
111,226
112,226
113,226
114,226
116,226
121,226
122,226
132,226
142,226
143,226
147,226
150,226
153,226
154,226
158,226
159,226
160,226
163,226
166,226
168,226
169,226
170,226
177,226
181,226
182,226
183,226
184,226
185,226
186,226
187,226
188,226
190,226
191,226
192,226
193,226
194,226
195,226
196,226
197,226
198,226
199,226
200,226
201,226
202,226
203,226
204,226
205,226
206,226
207,226
208,226
209,226
210,226
211,226
212,226
213,226
214,226
215,226
216,226
220,226
221,226
225,226
39,227
64,227
71,227
74,227
75,227
76,227
78,227
85,227
102,227
104,227
105,227
107,227
108,227
113,227
133,227
169,227
179,227
180,227
181,227
192,227
193,227
194,227
195,227
196,227
197,227
198,227
199,227
200,227
201,227
202,227
203,227
204,227
205,227
206,227
207,227
208,227
210,227
212,227
213,227
214,227
215,227
226,227
79,228
100,228
166,228
177,228
188,228
209,228
211,228
216,228
217,228
218,228
219,228
220,228
221,228
222,228
223,228
224,228
226,228
79,229
100,229
166,229
177,229
188,229
209,229
211,229
216,229
217,229
218,229
219,229
220,229
221,229
222,229
223,229
224,229
226,229
228,229
39,230
74,230
75,230
76,230
77,230
78,230
83,230
85,230
86,230
87,230
88,230
89,230
91,230
94,230
95,230
96,230
97,230
99,230
100,230
101,230
103,230
104,230
105,230
106,230
107,230
108,230
110,230
111,230
112,230
113,230
114,230
116,230
121,230
122,230
132,230
142,230
143,230
147,230
150,230
153,230
154,230
158,230
159,230
160,230
163,230
166,230
168,230
169,230
170,230
177,230
181,230
182,230
183,230
184,230
185,230
186,230
187,230
188,230
190,230
191,230
192,230
193,230
194,230
195,230
196,230
197,230
198,230
199,230
200,230
201,230
202,230
203,230
204,230
205,230
206,230
207,230
208,230
209,230
210,230
211,230
212,230
213,230
214,230
215,230
216,230
220,230
221,230
225,230
226,230
227,230
228,230
229,230
30,231
79,231
80,231
81,231
102,231
109,231
122,231
165,231
179,231
180,231
182,231
183,231
184,231
185,231
186,231
187,231
188,231
189,231
190,231
191,231
209,231
216,231
217,231
218,231
219,231
220,231
221,231
222,231
223,231
224,231
228,231
229,231
79,232
177,232
188,232
209,232
216,232
217,232
218,232
219,232
220,232
221,232
222,232
223,232
224,232
228,232
229,232
231,232
79,233
170,233
177,233
188,233
209,233
216,233
217,233
218,233
219,233
220,233
221,233
222,233
223,233
224,233
228,233
229,233
231,233
232,233
79,234
170,234
177,234
188,234
209,234
216,234
217,234
218,234
219,234
220,234
221,234
222,234
223,234
224,234
228,234
229,234
231,234
232,234
233,234
27,235
44,235
60,235
61,235
67,235
68,235
75,235
79,235
80,235
81,235
102,235
122,235
165,235
179,235
180,235
181,235
182,235
183,235
184,235
185,235
186,235
187,235
188,235
189,235
190,235
191,235
192,235
207,235
209,235
216,235
217,235
218,235
219,235
220,235
221,235
222,235
223,235
224,235
228,235
229,235
231,235
232,235
233,235
234,235
79,236
91,236
94,236
95,236
96,236
97,236
99,236
100,236
101,236
106,236
107,236
108,236
109,236
110,236
111,236
112,236
113,236
114,236
116,236
121,236
122,236
142,236
147,236
154,236
158,236
163,236
166,236
168,236
177,236
182,236
183,236
184,236
185,236
186,236
187,236
188,236
190,236
191,236
194,236
209,236
211,236
216,236
217,236
218,236
219,236
220,236
221,236
222,236
223,236
224,236
225,236
226,236
228,236
229,236
230,236
231,236
232,236
233,236
234,236
235,236
79,237
177,237
188,237
209,237
216,237
217,237
218,237
219,237
220,237
221,237
222,237
223,237
224,237
228,237
229,237
231,237
232,237
233,237
234,237
235,237
236,237
77,238
79,238
86,238
87,238
88,238
103,238
104,238
105,238
109,238
132,238
143,238
150,238
153,238
159,238
160,238
178,238
188,238
209,238
216,238
217,238
218,238
219,238
220,238
221,238
222,238
223,238
224,238
226,238
228,238
229,238
230,238
231,238
232,238
233,238
234,238
235,238
236,238
237,238
79,239
109,239
127,239
177,239
180,239
188,239
192,239
209,239
216,239
217,239
218,239
219,239
220,239
221,239
222,239
223,239
224,239
228,239
229,239
231,239
232,239
233,239
234,239
235,239
236,239
237,239
238,239
79,240
91,240
94,240
95,240
96,240
97,240
99,240
100,240
101,240
106,240
107,240
108,240
110,240
111,240
112,240
113,240
114,240
116,240
121,240
122,240
137,240
142,240
147,240
154,240
158,240
163,240
166,240
168,240
171,240
177,240
182,240
183,240
184,240
185,240
186,240
187,240
188,240
190,240
191,240
194,240
209,240
211,240
216,240
217,240
218,240
219,240
220,240
221,240
222,240
223,240
224,240
225,240
226,240
228,240
229,240
230,240
231,240
232,240
233,240
234,240
235,240
236,240
237,240
238,240
239,240
79,241
91,241
94,241
95,241
96,241
97,241
99,241
101,241
106,241
107,241
108,241
109,241
110,241
111,241
112,241
113,241
114,241
116,241
121,241
122,241
142,241
147,241
154,241
158,241
163,241
166,241
168,241
178,241
182,241
183,241
184,241
185,241
186,241
187,241
188,241
190,241
191,241
194,241
209,241
216,241
217,241
218,241
219,241
220,241
221,241
222,241
223,241
224,241
225,241
228,241
229,241
231,241
232,241
233,241
234,241
235,241
236,241
237,241
238,241
239,241
240,241
79,242
91,242
94,242
95,242
96,242
97,242
99,242
101,242
106,242
107,242
108,242
109,242
110,242
111,242
112,242
113,242
114,242
116,242
121,242
122,242
142,242
146,242
147,242
148,242
154,242
158,242
163,242
166,242
168,242
178,242
182,242
183,242
184,242
185,242
186,242
187,242
188,242
190,242
191,242
194,242
209,242
212,242
216,242
217,242
218,242
219,242
220,242
221,242
222,242
223,242
224,242
225,242
228,242
229,242
231,242
232,242
233,242
234,242
235,242
236,242
237,242
238,242
239,242
240,242
241,242
79,243
177,243
188,243
209,243
216,243
217,243
218,243
219,243
220,243
221,243
222,243
223,243
224,243
228,243
229,243
231,243
232,243
233,243
234,243
235,243
236,243
237,243
238,243
239,243
240,243
241,243
242,243
79,244
170,244
177,244
188,244
209,244
216,244
217,244
218,244
219,244
220,244
221,244
222,244
223,244
224,244
228,244
229,244
231,244
232,244
233,244
234,244
235,244
236,244
237,244
238,244
239,244
240,244
241,244
242,244
243,244
79,245
80,245
94,245
95,245
97,245
102,245
137,245
171,245
179,245
180,245
182,245
183,245
184,245
185,245
186,245
187,245
188,245
189,245
190,245
191,245
194,245
198,245
209,245
216,245
217,245
218,245
219,245
220,245
221,245
222,245
223,245
224,245
228,245
229,245
231,245
232,245
233,245
234,245
235,245
236,245
237,245
238,245
239,245
240,245
241,245
242,245
243,245
244,245
8,246
34,246
35,246
36,246
37,246
38,246
40,246
41,246
42,246
43,246
45,246
49,246
51,246
55,246
56,246
57,246
58,246
59,246
60,246
61,246
62,246
64,246
66,246
67,246
68,246
71,246
72,246
75,246
98,246
100,246
124,246
126,246
127,246
130,246
131,246
135,246
138,246
139,246
140,246
141,246
155,246
161,246
167,246
181,246
192,246
193,246
195,246
197,246
199,246
200,246
201,246
202,246
203,246
204,246
206,246
207,246
8,247
34,247
35,247
36,247
37,247
38,247
40,247
41,247
42,247
43,247
45,247
49,247
51,247
55,247
56,247
57,247
58,247
59,247
60,247
61,247
62,247
64,247
66,247
67,247
68,247
71,247
72,247
75,247
98,247
100,247
124,247
126,247
127,247
130,247
131,247
135,247
138,247
139,247
140,247
141,247
155,247
161,247
167,247
181,247
192,247
193,247
195,247
197,247
199,247
200,247
201,247
202,247
203,247
204,247
206,247
207,247
246,247
34,248
35,248
36,248
37,248
38,248
40,248
41,248
43,248
45,248
46,248
47,248
48,248
49,248
51,248
56,248
57,248
58,248
59,248
60,248
61,248
62,248
63,248
65,248
66,248
67,248
68,248
70,248
71,248
72,248
73,248
74,248
75,248
78,248
90,248
98,248
100,248
102,248
104,248
105,248
107,248
108,248
113,248
124,248
126,248
127,248
130,248
131,248
133,248
134,248
135,248
138,248
139,248
140,248
141,248
155,248
156,248
161,248
162,248
167,248
172,248
173,248
174,248
179,248
180,248
181,248
182,248
183,248
184,248
185,248
186,248
187,248
190,248
191,248
192,248
193,248
195,248
197,248
199,248
200,248
201,248
202,248
203,248
204,248
206,248
207,248
227,248
246,248
247,248
8,249
34,249
35,249
36,249
37,249
38,249
40,249
41,249
42,249
43,249
45,249
49,249
51,249
55,249
56,249
57,249
58,249
59,249
60,249
61,249
62,249
64,249
66,249
67,249
68,249
71,249
72,249
75,249
98,249
100,249
124,249
126,249
127,249
130,249
131,249
135,249
138,249
139,249
140,249
141,249
155,249
161,249
167,249
181,249
192,249
193,249
195,249
197,249
199,249
200,249
201,249
202,249
203,249
204,249
206,249
207,249
246,249
247,249
248,249
16,250
31,250
43,250
46,250
47,250
48,250
59,250
62,250
63,250
65,250
67,250
68,250
70,250
73,250
74,250
76,250
80,250
90,250
133,250
134,250
135,250
139,250
140,250
141,250
155,250
156,250
161,250
162,250
167,250
172,250
173,250
174,250
189,250
192,250
205,250
248,250
8,251
34,251
35,251
36,251
37,251
38,251
40,251
41,251
43,251
45,251
46,251
47,251
48,251
49,251
51,251
56,251
57,251
58,251
59,251
60,251
61,251
62,251
63,251
65,251
66,251
67,251
68,251
70,251
71,251
72,251
73,251
75,251
90,251
98,251
100,251
102,251
124,251
126,251
127,251
130,251
131,251
133,251
134,251
135,251
138,251
139,251
140,251
141,251
155,251
156,251
161,251
162,251
167,251
172,251
173,251
174,251
179,251
180,251
181,251
182,251
183,251
184,251
185,251
186,251
187,251
190,251
191,251
192,251
193,251
195,251
197,251
199,251
200,251
201,251
202,251
203,251
204,251
206,251
207,251
246,251
247,251
248,251
249,251
250,251
8,252
43,252
46,252
47,252
48,252
51,252
59,252
62,252
63,252
65,252
67,252
68,252
70,252
73,252
80,252
90,252
109,252
133,252
134,252
135,252
139,252
140,252
141,252
155,252
156,252
161,252
162,252
167,252
172,252
173,252
174,252
189,252
192,252
198,252
210,252
247,252
248,252
249,252
250,252
251,252
34,253
35,253
36,253
37,253
38,253
40,253
41,253
43,253
45,253
46,253
47,253
48,253
49,253
51,253
56,253
57,253
58,253
59,253
60,253
61,253
62,253
63,253
65,253
66,253
67,253
68,253
70,253
71,253
72,253
73,253
75,253
90,253
98,253
100,253
102,253
124,253
126,253
127,253
130,253
131,253
133,253
134,253
135,253
138,253
139,253
140,253
141,253
155,253
156,253
161,253
162,253
167,253
172,253
173,253
174,253
179,253
180,253
181,253
182,253
183,253
184,253
185,253
186,253
187,253
190,253
191,253
192,253
193,253
195,253
197,253
199,253
200,253
201,253
202,253
203,253
204,253
206,253
207,253
246,253
247,253
248,253
249,253
250,253
251,253
252,253
34,254
35,254
36,254
37,254
38,254
40,254
41,254
43,254
45,254
46,254
47,254
48,254
49,254
51,254
56,254
57,254
58,254
59,254
60,254
61,254
62,254
63,254
65,254
66,254
67,254
68,254
70,254
71,254
72,254
73,254
75,254
90,254
98,254
100,254
102,254
124,254
126,254
127,254
130,254
131,254
133,254
134,254
135,254
138,254
139,254
140,254
141,254
155,254
156,254
161,254
162,254
167,254
172,254
173,254
174,254
179,254
180,254
181,254
182,254
183,254
184,254
185,254
186,254
187,254
190,254
191,254
192,254
193,254
195,254
197,254
199,254
200,254
201,254
202,254
203,254
204,254
206,254
207,254
246,254
247,254
248,254
249,254
250,254
251,254
252,254
253,254
71,255
72,255
77,255
78,255
83,255
86,255
87,255
88,255
89,255
91,255
92,255
93,255
96,255
97,255
98,255
99,255
100,255
101,255
106,255
107,255
108,255
109,255
110,255
111,255
112,255
113,255
114,255
115,255
116,255
117,255
118,255
119,255
121,255
122,255
124,255
125,255
126,255
127,255
128,255
129,255
130,255
131,255
132,255
136,255
137,255
138,255
142,255
143,255
144,255
145,255
146,255
147,255
148,255
149,255
150,255
151,255
152,255
153,255
154,255
157,255
158,255
159,255
160,255
163,255
164,255
165,255
166,255
168,255
169,255
170,255
171,255
175,255
176,255
181,255
198,255
209,255
210,255
211,255
225,255
226,255
230,255
252,255
27,256
34,256
35,256
36,256
39,256
40,256
41,256
43,256
44,256
45,256
49,256
51,256
56,256
57,256
58,256
59,256
60,256
61,256
62,256
66,256
67,256
68,256
71,256
72,256
74,256
75,256
76,256
83,256
85,256
90,256
98,256
100,256
111,256
124,256
126,256
127,256
130,256
131,256
134,256
135,256
137,256
138,256
139,256
140,256
141,256
146,256
147,256
155,256
157,256
161,256
167,256
169,256
181,256
192,256
193,256
194,256
195,256
196,256
197,256
198,256
199,256
200,256
201,256
202,256
203,256
204,256
205,256
206,256
207,256
208,256
210,256
212,256
213,256
214,256
215,256
217,256
218,256
224,256
226,256
227,256
230,256
235,256
246,256
247,256
248,256
249,256
251,256
253,256
254,256
17,257
34,257
35,257
36,257
37,257
38,257
40,257
41,257
43,257
45,257
49,257
51,257
56,257
57,257
58,257
59,257
60,257
61,257
62,257
66,257
67,257
68,257
71,257
72,257
75,257
77,257
78,257
83,257
86,257
87,257
88,257
89,257
91,257
92,257
93,257
96,257
97,257
98,257
99,257
100,257
101,257
106,257
107,257
108,257
110,257
111,257
112,257
113,257
114,257
115,257
116,257
117,257
121,257
122,257
124,257
125,257
126,257
127,257
128,257
129,257
130,257
131,257
132,257
135,257
136,257
137,257
138,257
139,257
140,257
141,257
142,257
143,257
144,257
145,257
146,257
147,257
148,257
149,257
150,257
151,257
152,257
153,257
154,257
155,257
157,257
158,257
159,257
160,257
161,257
163,257
164,257
165,257
166,257
167,257
168,257
170,257
171,257
175,257
176,257
181,257
192,257
193,257
195,257
196,257
197,257
199,257
200,257
201,257
202,257
203,257
204,257
206,257
207,257
225,257
246,257
247,257
248,257
249,257
251,257
253,257
254,257
255,257
256,257
71,258
72,258
77,258
78,258
83,258
86,258
87,258
88,258
89,258
90,258
91,258
92,258
93,258
96,258
97,258
98,258
99,258
100,258
101,258
106,258
107,258
108,258
110,258
111,258
112,258
113,258
114,258
115,258
116,258
117,258
118,258
119,258
121,258
122,258
124,258
125,258
126,258
127,258
128,258
129,258
130,258
131,258
132,258
133,258
134,258
136,258
137,258
138,258
142,258
143,258
144,258
145,258
146,258
147,258
148,258
149,258
150,258
151,258
152,258
153,258
154,258
156,258
157,258
158,258
159,258
160,258
162,258
163,258
164,258
165,258
166,258
168,258
170,258
171,258
175,258
176,258
211,258
225,258
255,258
256,258
257,258
127,259
134,259
192,259
239,259
127,260
134,260
192,260
239,260
259,260
39,261
43,261
59,261
62,261
64,261
67,261
68,261
79,261
80,261
102,261
135,261
139,261
140,261
141,261
155,261
161,261
163,261
167,261
177,261
178,261
179,261
180,261
182,261
183,261
184,261
185,261
186,261
187,261
189,261
190,261
191,261
192,261
195,261
210,261
224,261
227,261
231,261
235,261
245,261
248,261
251,261
253,261
254,261
259,261
260,261
71,262
72,262
77,262
78,262
83,262
85,262
86,262
87,262
88,262
89,262
91,262
92,262
93,262
94,262
95,262
96,262
97,262
98,262
99,262
100,262
101,262
103,262
104,262
105,262
106,262
107,262
108,262
110,262
111,262
112,262
113,262
114,262
115,262
116,262
117,262
121,262
122,262
124,262
125,262
126,262
127,262
128,262
129,262
130,262
131,262
132,262
136,262
137,262
138,262
142,262
143,262
144,262
145,262
146,262
147,262
148,262
149,262
150,262
151,262
152,262
153,262
154,262
157,262
158,262
159,262
160,262
163,262
164,262
165,262
166,262
168,262
170,262
171,262
175,262
176,262
182,262
183,262
184,262
185,262
186,262
187,262
190,262
191,262
194,262
219,262
221,262
224,262
225,262
226,262
230,262
236,262
240,262
241,262
242,262
245,262
252,262
255,262
257,262
258,262
34,263
35,263
36,263
37,263
38,263
40,263
41,263
43,263
45,263
49,263
51,263
56,263
57,263
58,263
59,263
60,263
61,263
62,263
66,263
67,263
68,263
71,263
72,263
75,263
82,263
84,263
90,263
98,263
100,263
102,263
109,263
115,263
124,263
125,263
126,263
127,263
130,263
131,263
133,263
135,263
138,263
139,263
140,263
141,263
151,263
155,263
156,263
161,263
162,263
167,263
179,263
180,263
181,263
182,263
183,263
184,263
185,263
186,263
187,263
190,263
191,263
192,263
193,263
195,263
197,263
199,263
200,263
201,263
202,263
203,263
204,263
206,263
207,263
209,263
211,263
216,263
217,263
218,263
246,263
247,263
248,263
249,263
251,263
253,263
254,263
256,263
257,263
258,263
261,263
34,264
35,264
36,264
40,264
41,264
43,264
45,264
49,264
51,264
52,264
56,264
57,264
58,264
59,264
60,264
61,264
62,264
66,264
67,264
68,264
71,264
72,264
75,264
77,264
81,264
86,264
87,264
88,264
89,264
91,264
93,264
96,264
97,264
98,264
99,264
100,264
101,264
102,264
106,264
107,264
108,264
109,264
110,264
111,264
112,264
113,264
114,264
116,264
118,264
119,264
121,264
122,264
124,264
126,264
127,264
130,264
131,264
132,264
135,264
138,264
139,264
140,264
141,264
142,264
143,264
144,264
145,264
147,264
150,264
153,264
154,264
155,264
158,264
159,264
160,264
161,264
163,264
166,264
167,264
168,264
175,264
176,264
181,264
184,264
185,264
191,264
192,264
193,264
194,264
195,264
197,264
199,264
200,264
201,264
202,264
203,264
204,264
206,264
207,264
225,264
246,264
247,264
248,264
249,264
251,264
253,264
254,264
256,264
257,264
262,264
263,264
39,265
43,265
46,265
47,265
48,265
49,265
58,265
59,265
60,265
62,265
63,265
64,265
65,265
67,265
68,265
70,265
73,265
90,265
102,265
133,265
134,265
135,265
139,265
140,265
141,265
155,265
156,265
161,265
162,265
167,265
172,265
173,265
174,265
179,265
180,265
182,265
183,265
184,265
185,265
186,265
187,265
190,265
191,265
192,265
227,265
248,265
250,265
251,265
252,265
253,265
254,265
259,265
260,265
261,265
263,265
19,266
39,266
43,266
59,266
62,266
64,266
67,266
68,266
80,266
102,266
135,266
139,266
140,266
141,266
155,266
161,266
167,266
177,266
178,266
179,266
180,266
181,266
182,266
183,266
184,266
185,266
186,266
187,266
188,266
189,266
190,266
191,266
192,266
209,266
211,266
216,266
217,266
218,266
219,266
221,266
227,266
228,266
229,266
232,266
233,266
234,266
236,266
237,266
239,266
240,266
243,266
244,266
248,266
251,266
253,266
254,266
255,266
261,266
263,266
265,266
13,267
15,267
20,267
21,267
39,267
43,267
59,267
62,267
64,267
67,267
68,267
79,267
80,267
102,267
135,267
139,267
140,267
141,267
155,267
161,267
167,267
177,267
178,267
179,267
180,267
182,267
183,267
184,267
185,267
186,267
187,267
188,267
189,267
190,267
191,267
192,267
209,267
216,267
217,267
218,267
219,267
221,267
227,267
228,267
229,267
232,267
233,267
234,267
236,267
237,267
239,267
240,267
243,267
244,267
248,267
251,267
253,267
254,267
261,267
263,267
265,267
266,267
43,268
46,268
47,268
48,268
59,268
62,268
63,268
65,268
67,268
68,268
70,268
73,268
90,268
133,268
134,268
135,268
139,268
140,268
141,268
155,268
156,268
161,268
162,268
167,268
172,268
173,268
174,268
175,268
192,268
248,268
250,268
251,268
252,268
253,268
254,268
265,268
43,269
46,269
47,269
48,269
59,269
62,269
63,269
65,269
67,269
68,269
70,269
73,269
90,269
133,269
134,269
135,269
139,269
140,269
141,269
155,269
156,269
161,269
162,269
167,269
172,269
173,269
174,269
192,269
248,269
250,269
251,269
252,269
253,269
254,269
263,269
265,269
268,269
17,270
71,270
72,270
77,270
78,270
83,270
86,270
87,270
88,270
89,270
90,270
91,270
92,270
93,270
96,270
97,270
98,270
99,270
100,270
101,270
106,270
107,270
108,270
110,270
111,270
112,270
113,270
114,270
115,270
116,270
117,270
121,270
122,270
124,270
125,270
126,270
127,270
128,270
129,270
130,270
131,270
132,270
133,270
134,270
136,270
137,270
138,270
142,270
143,270
144,270
145,270
146,270
147,270
148,270
149,270
150,270
151,270
152,270
153,270
154,270
157,270
158,270
159,270
160,270
162,270
163,270
164,270
165,270
166,270
168,270
170,270
171,270
175,270
176,270
196,270
211,270
225,270
255,270
257,270
258,270
262,270
263,270
268,270
43,271
46,271
47,271
48,271
59,271
62,271
63,271
65,271
67,271
68,271
70,271
73,271
90,271
133,271
134,271
135,271
139,271
140,271
141,271
155,271
156,271
161,271
162,271
167,271
170,271
171,271
172,271
173,271
174,271
192,271
233,271
234,271
244,271
248,271
250,271
251,271
252,271
253,271
254,271
265,271
268,271
269,271
270,271
43,272
46,272
47,272
48,272
59,272
62,272
63,272
65,272
67,272
68,272
70,272
73,272
90,272
133,272
134,272
135,272
139,272
140,272
141,272
155,272
156,272
161,272
162,272
167,272
172,272
173,272
174,272
189,272
192,272
248,272
250,272
251,272
252,272
253,272
254,272
265,272
268,272
269,272
270,272
271,272
43,273
46,273
47,273
48,273
59,273
62,273
63,273
65,273
67,273
68,273
70,273
73,273
90,273
133,273
134,273
135,273
139,273
140,273
141,273
155,273
156,273
161,273
162,273
167,273
172,273
173,273
174,273
192,273
248,273
250,273
251,273
252,273
253,273
254,273
265,273
268,273
269,273
270,273
271,273
272,273
43,274
46,274
47,274
48,274
59,274
62,274
63,274
65,274
67,274
68,274
70,274
73,274
90,274
133,274
134,274
135,274
139,274
140,274
141,274
155,274
156,274
161,274
162,274
167,274
172,274
173,274
174,274
192,274
248,274
250,274
251,274
252,274
253,274
254,274
259,274
260,274
261,274
262,274
264,274
265,274
268,274
269,274
271,274
272,274
273,274
43,275
46,275
47,275
48,275
59,275
62,275
63,275
65,275
67,275
68,275
70,275
73,275
90,275
128,275
133,275
134,275
135,275
139,275
140,275
141,275
152,275
155,275
156,275
161,275
162,275
167,275
172,275
173,275
174,275
192,275
196,275
248,275
250,275
251,275
252,275
253,275
254,275
257,275
265,275
268,275
269,275
270,275
271,275
272,275
273,275
274,275
43,276
46,276
47,276
48,276
59,276
62,276
63,276
65,276
67,276
68,276
70,276
73,276
90,276
100,276
133,276
134,276
135,276
139,276
140,276
141,276
155,276
156,276
161,276
162,276
166,276
167,276
172,276
173,276
174,276
192,276
211,276
226,276
230,276
248,276
250,276
251,276
252,276
253,276
254,276
265,276
268,276
269,276
270,276
271,276
272,276
273,276
274,276
275,276
46,277
47,277
48,277
63,277
65,277
79,277
80,277
102,277
109,277
163,277
169,277
177,277
178,277
179,277
180,277
181,277
182,277
183,277
184,277
185,277
186,277
187,277
189,277
190,277
191,277
195,277
198,277
209,277
210,277
211,277
224,277
226,277
230,277
231,277
235,277
245,277
250,277
252,277
255,277
261,277
266,277
267,277
71,278
72,278
77,278
78,278
80,278
81,278
83,278
85,278
86,278
87,278
88,278
89,278
91,278
92,278
93,278
96,278
97,278
98,278
99,278
100,278
101,278
106,278
107,278
108,278
110,278
111,278
112,278
113,278
114,278
115,278
116,278
117,278
118,278
119,278
121,278
122,278
124,278
125,278
126,278
127,278
128,278
129,278
130,278
131,278
132,278
136,278
137,278
138,278
142,278
143,278
144,278
145,278
146,278
147,278
148,278
149,278
150,278
151,278
152,278
153,278
154,278
157,278
158,278
159,278
160,278
163,278
164,278
165,278
166,278
168,278
170,278
171,278
175,278
176,278
189,278
194,278
195,278
197,278
199,278
200,278
201,278
202,278
203,278
204,278
205,278
206,278
208,278
225,278
255,278
257,278
258,278
262,278
270,278
16,279
31,279
46,279
47,279
48,279
63,279
65,279
74,279
76,279
80,279
102,279
120,279
123,279
128,279
169,279
177,279
178,279
179,279
180,279
181,279
182,279
183,279
184,279
185,279
186,279
187,279
188,279
189,279
190,279
191,279
205,279
209,279
211,279
216,279
217,279
218,279
219,279
221,279
226,279
228,279
229,279
230,279
231,279
232,279
233,279
234,279
236,279
237,279
239,279
240,279
243,279
244,279
250,279
252,279
255,279
257,279
261,279
266,279
267,279
277,279
70,280
79,280
80,280
93,280
102,280
121,280
144,280
145,280
169,280
177,280
178,280
179,280
180,280
181,280
182,280
183,280
184,280
185,280
186,280
187,280
189,280
190,280
191,280
194,280
197,280
206,280
209,280
224,280
226,280
230,280
231,280
235,280
245,280
255,280
261,280
264,280
266,280
267,280
277,280
279,280
16,281
31,281
46,281
47,281
48,281
63,281
65,281
74,281
76,281
80,281
102,281
120,281
123,281
169,281
177,281
178,281
179,281
180,281
181,281
182,281
183,281
184,281
185,281
186,281
187,281
188,281
189,281
190,281
191,281
205,281
209,281
211,281
216,281
217,281
218,281
219,281
221,281
226,281
228,281
229,281
230,281
231,281
232,281
233,281
234,281
235,281
236,281
237,281
239,281
240,281
243,281
244,281
250,281
252,281
255,281
261,281
266,281
267,281
269,281
277,281
279,281
280,281
16,282
31,282
46,282
47,282
48,282
63,282
65,282
74,282
76,282
79,282
80,282
102,282
120,282
123,282
169,282
177,282
178,282
179,282
180,282
181,282
182,282
183,282
184,282
185,282
186,282
187,282
189,282
190,282
191,282
205,282
209,282
211,282
212,282
224,282
226,282
230,282
231,282
235,282
245,282
250,282
252,282
255,282
261,282
266,282
267,282
277,282
279,282
280,282
281,282
16,283
31,283
46,283
47,283
48,283
63,283
65,283
74,283
76,283
79,283
80,283
102,283
120,283
123,283
169,283
177,283
178,283
179,283
180,283
181,283
182,283
183,283
184,283
185,283
186,283
187,283
189,283
190,283
191,283
205,283
209,283
211,283
212,283
224,283
226,283
230,283
231,283
235,283
245,283
250,283
252,283
255,283
261,283
266,283
267,283
277,283
279,283
280,283
281,283
282,283
70,284
80,284
102,284
177,284
178,284
179,284
180,284
182,284
183,284
184,284
185,284
186,284
187,284
188,284
189,284
190,284
191,284
209,284
216,284
217,284
218,284
219,284
221,284
228,284
229,284
232,284
233,284
234,284
236,284
237,284
239,284
240,284
243,284
244,284
261,284
266,284
267,284
269,284
277,284
279,284
280,284
281,284
282,284
283,284
43,285
59,285
62,285
67,285
68,285
79,285
80,285
102,285
135,285
139,285
140,285
141,285
155,285
161,285
167,285
177,285
178,285
179,285
180,285
182,285
183,285
184,285
185,285
186,285
187,285
189,285
190,285
191,285
192,285
196,285
197,285
220,285
222,285
223,285
238,285
241,285
242,285
248,285
251,285
253,285
254,285
261,285
263,285
265,285
266,285
267,285
277,285
279,285
280,285
281,285
282,285
283,285
284,285
16,286
31,286
46,286
47,286
48,286
63,286
65,286
74,286
76,286
80,286
102,286
177,286
178,286
179,286
180,286
182,286
183,286
184,286
185,286
186,286
187,286
188,286
189,286
190,286
191,286
205,286
209,286
216,286
217,286
218,286
219,286
221,286
227,286
228,286
229,286
232,286
233,286
234,286
235,286
236,286
237,286
239,286
240,286
243,286
244,286
248,286
250,286
252,286
261,286
266,286
267,286
277,286
279,286
280,286
281,286
282,286
283,286
284,286
285,286
73,287
74,287
75,287
76,287
85,287
169,287
181,287
193,287
194,287
195,287
196,287
197,287
198,287
199,287
200,287
201,287
202,287
203,287
204,287
205,287
206,287
207,287
208,287
209,287
210,287
211,287
212,287
213,287
214,287
215,287
226,287
227,287
230,287
255,287
256,287
266,287
277,287
279,287
280,287
281,287
282,287
283,287
70,288
79,288
80,288
102,288
163,288
169,288
177,288
178,288
179,288
180,288
181,288
182,288
183,288
184,288
185,288
186,288
187,288
189,288
190,288
191,288
195,288
209,288
210,288
211,288
224,288
226,288
230,288
231,288
235,288
245,288
255,288
261,288
266,288
267,288
277,288
279,288
280,288
281,288
282,288
283,288
284,288
285,288
286,288
287,288
71,289
72,289
77,289
78,289
83,289
85,289
86,289
87,289
88,289
89,289
91,289
92,289
93,289
96,289
97,289
98,289
99,289
100,289
101,289
106,289
107,289
108,289
110,289
111,289
112,289
113,289
114,289
115,289
116,289
117,289
121,289
122,289
124,289
125,289
126,289
127,289
128,289
129,289
130,289
131,289
132,289
134,289
136,289
137,289
138,289
142,289
143,289
144,289
145,289
146,289
147,289
148,289
149,289
150,289
151,289
152,289
153,289
154,289
157,289
158,289
159,289
160,289
163,289
164,289
165,289
166,289
168,289
170,289
171,289
175,289
176,289
192,289
200,289
202,289
203,289
204,289
207,289
208,289
225,289
233,289
239,289
243,289
244,289
255,289
257,289
258,289
259,289
260,289
262,289
264,289
270,289
278,289
285,289
34,290
35,290
36,290
40,290
41,290
43,290
45,290
49,290
51,290
52,290
56,290
57,290
58,290
59,290
60,290
61,290
62,290
66,290
67,290
68,290
71,290
72,290
75,290
77,290
78,290
83,290
85,290
86,290
87,290
88,290
89,290
91,290
92,290
93,290
96,290
97,290
98,290
99,290
100,290
101,290
106,290
107,290
108,290
110,290
111,290
112,290
113,290
114,290
115,290
116,290
117,290
121,290
122,290
124,290
125,290
126,290
127,290
128,290
129,290
130,290
131,290
132,290
134,290
135,290
136,290
137,290
138,290
139,290
140,290
141,290
142,290
143,290
144,290
145,290
146,290
147,290
148,290
149,290
150,290
151,290
152,290
153,290
154,290
155,290
157,290
158,290
159,290
160,290
161,290
163,290
164,290
165,290
166,290
167,290
168,290
170,290
171,290
175,290
176,290
181,290
192,290
193,290
195,290
197,290
199,290
200,290
201,290
202,290
203,290
204,290
206,290
207,290
208,290
225,290
239,290
246,290
247,290
248,290
249,290
251,290
253,290
254,290
255,290
256,290
257,290
258,290
259,290
260,290
262,290
263,290
264,290
270,290
278,290
289,290
27,291
34,291
35,291
36,291
40,291
41,291
43,291
44,291
45,291
46,291
47,291
48,291
49,291
51,291
56,291
57,291
58,291
59,291
60,291
61,291
62,291
65,291
66,291
67,291
68,291
71,291
72,291
73,291
74,291
75,291
77,291
78,291
83,291
85,291
86,291
87,291
88,291
89,291
91,291
92,291
93,291
95,291
96,291
97,291
98,291
99,291
100,291
101,291
106,291
107,291
108,291
110,291
111,291
112,291
113,291
114,291
115,291
116,291
117,291
121,291
122,291
124,291
125,291
126,291
127,291
128,291
129,291
130,291
131,291
132,291
135,291
136,291
137,291
138,291
139,291
140,291
141,291
142,291
143,291
144,291
145,291
146,291
147,291
148,291
149,291
150,291
151,291
152,291
153,291
154,291
155,291
157,291
158,291
159,291
160,291
161,291
163,291
164,291
165,291
166,291
167,291
168,291
170,291
171,291
173,291
174,291
175,291
176,291
181,291
192,291
193,291
195,291
197,291
199,291
200,291
201,291
202,291
203,291
204,291
206,291
207,291
208,291
215,291
217,291
218,291
224,291
225,291
235,291
246,291
247,291
248,291
249,291
251,291
253,291
254,291
255,291
256,291
257,291
258,291
262,291
263,291
264,291
270,291
278,291
289,291
290,291
27,292
34,292
35,292
36,292
40,292
41,292
43,292
44,292
45,292
46,292
47,292
48,292
49,292
51,292
56,292
57,292
58,292
59,292
60,292
61,292
62,292
65,292
66,292
67,292
68,292
71,292
72,292
73,292
74,292
75,292
77,292
78,292
83,292
85,292
86,292
87,292
88,292
89,292
91,292
92,292
93,292
95,292
96,292
97,292
98,292
99,292
100,292
101,292
106,292
107,292
108,292
110,292
111,292
112,292
113,292
114,292
115,292
116,292
117,292
121,292
122,292
124,292
125,292
126,292
127,292
128,292
129,292
130,292
131,292
132,292
135,292
136,292
137,292
138,292
139,292
140,292
141,292
142,292
143,292
144,292
145,292
146,292
147,292
148,292
149,292
150,292
151,292
152,292
153,292
154,292
155,292
157,292
158,292
159,292
160,292
161,292
163,292
164,292
165,292
166,292
167,292
168,292
170,292
171,292
173,292
174,292
175,292
176,292
181,292
192,292
193,292
195,292
197,292
199,292
200,292
201,292
202,292
203,292
204,292
206,292
207,292
208,292
215,292
217,292
218,292
224,292
225,292
235,292
246,292
247,292
248,292
249,292
251,292
253,292
254,292
255,292
256,292
257,292
258,292
262,292
263,292
264,292
270,292
278,292
289,292
290,292
291,292
19,293
39,293
64,293
71,293
72,293
77,293
78,293
83,293
86,293
87,293
88,293
89,293
91,293
92,293
93,293
96,293
97,293
98,293
99,293
100,293
101,293
102,293
106,293
107,293
108,293
110,293
111,293
112,293
113,293
114,293
115,293
116,293
117,293
121,293
122,293
124,293
125,293
126,293
127,293
128,293
129,293
130,293
131,293
132,293
136,293
137,293
138,293
142,293
143,293
144,293
145,293
146,293
147,293
148,293
149,293
150,293
151,293
152,293
153,293
154,293
157,293
158,293
159,293
160,293
163,293
164,293
165,293
166,293
168,293
170,293
171,293
175,293
176,293
179,293
180,293
225,293
227,293
228,293
229,293
255,293
257,293
258,293
261,293
262,293
264,293
265,293
266,293
267,293
268,293
269,293
270,293
278,293
281,293
284,293
289,293
290,293
291,293
292,293
70,294
80,294
100,294
102,294
166,294
169,294
177,294
178,294
179,294
180,294
181,294
182,294
183,294
184,294
185,294
186,294
187,294
188,294
189,294
190,294
191,294
209,294
211,294
216,294
217,294
218,294
219,294
221,294
226,294
228,294
229,294
230,294
232,294
233,294
234,294
236,294
237,294
239,294
240,294
243,294
244,294
255,294
261,294
266,294
267,294
277,294
279,294
280,294
281,294
282,294
283,294
284,294
285,294
286,294
287,294
288,294
70,295
79,295
80,295
102,295
163,295
169,295
177,295
178,295
179,295
180,295
181,295
182,295
183,295
184,295
185,295
186,295
187,295
189,295
190,295
191,295
195,295
209,295
210,295
211,295
224,295
226,295
230,295
231,295
235,295
245,295
255,295
261,295
266,295
267,295
277,295
279,295
280,295
281,295
282,295
283,295
284,295
285,295
286,295
287,295
288,295
294,295
16,296
31,296
46,296
47,296
48,296
63,296
65,296
74,296
76,296
80,296
102,296
120,296
123,296
177,296
178,296
179,296
180,296
182,296
183,296
184,296
185,296
186,296
187,296
188,296
189,296
190,296
191,296
205,296
209,296
211,296
216,296
217,296
218,296
219,296
221,296
228,296
229,296
231,296
232,296
233,296
234,296
236,296
237,296
239,296
240,296
243,296
244,296
250,296
252,296
261,296
266,296
267,296
277,296
279,296
280,296
281,296
282,296
283,296
284,296
285,296
286,296
288,296
294,296
295,296
39,297
43,297
59,297
62,297
64,297
67,297
68,297
79,297
80,297
102,297
109,297
135,297
139,297
140,297
141,297
155,297
161,297
167,297
177,297
178,297
179,297
180,297
182,297
183,297
184,297
185,297
186,297
187,297
189,297
190,297
191,297
192,297
224,297
227,297
231,297
235,297
245,297
248,297
251,297
253,297
254,297
261,297
263,297
264,297
265,297
266,297
267,297
277,297
279,297
280,297
281,297
282,297
283,297
284,297
285,297
286,297
288,297
293,297
294,297
295,297
296,297
16,298
31,298
46,298
47,298
48,298
63,298
65,298
74,298
76,298
80,298
102,298
177,298
178,298
179,298
180,298
182,298
183,298
184,298
185,298
186,298
187,298
189,298
190,298
191,298
205,298
217,298
218,298
220,298
222,298
223,298
235,298
238,298
241,298
242,298
250,298
252,298
261,298
266,298
267,298
277,298
279,298
280,298
281,298
282,298
283,298
284,298
285,298
286,298
288,298
294,298
295,298
296,298
297,298
34,299
35,299
36,299
37,299
38,299
40,299
41,299
43,299
45,299
49,299
51,299
56,299
57,299
58,299
59,299
60,299
61,299
62,299
66,299
67,299
68,299
71,299
72,299
75,299
79,299
80,299
98,299
100,299
102,299
124,299
126,299
127,299
130,299
131,299
135,299
138,299
139,299
140,299
141,299
155,299
161,299
167,299
177,299
178,299
179,299
180,299
181,299
182,299
183,299
184,299
185,299
186,299
187,299
189,299
190,299
191,299
192,299
193,299
195,299
197,299
199,299
200,299
201,299
202,299
203,299
204,299
206,299
207,299
224,299
231,299
235,299
245,299
246,299
247,299
248,299
249,299
251,299
253,299
254,299
256,299
257,299
261,299
262,299
263,299
264,299
265,299
266,299
267,299
277,299
279,299
280,299
281,299
282,299
283,299
284,299
285,299
286,299
288,299
290,299
291,299
292,299
294,299
295,299
296,299
297,299
298,299
34,300
35,300
36,300
40,300
41,300
43,300
45,300
49,300
51,300
52,300
56,300
57,300
58,300
59,300
60,300
61,300
62,300
66,300
67,300
68,300
71,300
72,300
75,300
79,300
80,300
93,300
98,300
100,300
102,300
121,300
124,300
126,300
127,300
130,300
131,300
135,300
138,300
139,300
140,300
141,300
144,300
145,300
155,300
161,300
167,300
177,300
178,300
179,300
180,300
181,300
182,300
183,300
184,300
185,300
186,300
187,300
189,300
190,300
191,300
192,300
193,300
194,300
195,300
197,300
199,300
200,300
201,300
202,300
203,300
204,300
206,300
207,300
224,300
231,300
235,300
245,300
246,300
247,300
248,300
249,300
251,300
253,300
254,300
256,300
257,300
261,300
263,300
264,300
265,300
266,300
267,300
277,300
279,300
280,300
281,300
282,300
283,300
284,300
285,300
286,300
288,300
290,300
291,300
292,300
294,300
295,300
296,300
297,300
298,300
299,300
16,301
31,301
46,301
47,301
48,301
63,301
65,301
74,301
76,301
80,301
102,301
177,301
178,301
179,301
180,301
182,301
183,301
184,301
185,301
186,301
187,301
188,301
189,301
190,301
191,301
205,301
209,301
216,301
217,301
218,301
219,301
221,301
228,301
229,301
232,301
233,301
234,301
235,301
236,301
237,301
239,301
240,301
243,301
244,301
250,301
252,301
261,301
266,301
267,301
277,301
279,301
280,301
281,301
282,301
283,301
284,301
285,301
286,301
288,301
294,301
295,301
296,301
297,301
298,301
299,301
300,301
34,302
35,302
36,302
40,302
41,302
43,302
45,302
49,302
51,302
52,302
56,302
57,302
58,302
59,302
60,302
61,302
62,302
66,302
67,302
68,302
71,302
72,302
75,302
80,302
98,302
100,302
102,302
124,302
126,302
127,302
130,302
131,302
135,302
138,302
139,302
140,302
141,302
146,302
148,302
155,302
161,302
167,302
177,302
178,302
179,302
180,302
181,302
182,302
183,302
184,302
185,302
186,302
187,302
189,302
190,302
191,302
192,302
193,302
195,302
197,302
199,302
200,302
201,302
202,302
203,302
204,302
206,302
207,302
212,302
220,302
222,302
223,302
238,302
241,302
242,302
246,302
247,302
248,302
249,302
251,302
253,302
254,302
256,302
257,302
261,302
263,302
264,302
265,302
266,302
267,302
277,302
279,302
280,302
281,302
282,302
283,302
284,302
285,302
286,302
288,302
290,302
291,302
292,302
294,302
295,302
296,302
297,302
298,302
299,302
300,302
301,302
2,303
4,303
5,303
16,303
31,303
46,303
47,303
48,303
63,303
65,303
74,303
76,303
80,303
102,303
120,303
123,303
177,303
178,303
179,303
180,303
182,303
183,303
184,303
185,303
186,303
187,303
189,303
190,303
191,303
205,303
211,303
220,303
222,303
223,303
231,303
238,303
241,303
242,303
250,303
252,303
261,303
266,303
267,303
277,303
279,303
280,303
281,303
282,303
283,303
284,303
285,303
286,303
288,303
294,303
295,303
296,303
297,303
298,303
299,303
300,303
301,303
302,303
43,304
59,304
62,304
67,304
68,304
77,304
80,304
85,304
86,304
87,304
88,304
89,304
91,304
94,304
95,304
96,304
97,304
99,304
101,304
102,304
103,304
104,304
105,304
106,304
107,304
108,304
110,304
111,304
112,304
113,304
114,304
116,304
121,304
122,304
132,304
135,304
137,304
139,304
140,304
141,304
142,304
143,304
147,304
150,304
153,304
154,304
155,304
158,304
159,304
160,304
161,304
163,304
166,304
167,304
168,304
171,304
177,304
178,304
179,304
180,304
182,304
183,304
184,304
185,304
186,304
187,304
188,304
189,304
190,304
191,304
192,304
194,304
209,304
216,304
217,304
218,304
219,304
221,304
225,304
226,304
228,304
229,304
230,304
232,304
233,304
234,304
236,304
237,304
239,304
240,304
241,304
242,304
243,304
244,304
245,304
248,304
251,304
253,304
254,304
261,304
262,304
263,304
264,304
265,304
266,304
267,304
274,304
277,304
279,304
280,304
281,304
282,304
283,304
284,304
285,304
286,304
288,304
294,304
295,304
296,304
297,304
298,304
299,304
300,304
301,304
302,304
303,304
70,305
79,305
80,305
102,305
177,305
178,305
179,305
180,305
182,305
183,305
184,305
185,305
186,305
187,305
189,305
190,305
191,305
224,305
231,305
235,305
245,305
261,305
264,305
266,305
267,305
277,305
279,305
280,305
281,305
282,305
283,305
284,305
285,305
286,305
287,305
288,305
294,305
295,305
296,305
297,305
298,305
299,305
300,305
301,305
302,305
303,305
304,305
7,306
27,306
37,306
38,306
72,306
74,306
75,306
76,306
85,306
112,306
148,306
154,306
169,306
181,306
193,306
194,306
195,306
196,306
197,306
198,306
199,306
200,306
201,306
202,306
203,306
204,306
205,306
206,306
207,306
208,306
210,306
212,306
213,306
214,306
215,306
226,306
227,306
230,306
256,306
287,306
305,306
43,307
59,307
62,307
67,307
68,307
77,307
78,307
79,307
80,307
81,307
83,307
85,307
86,307
87,307
88,307
89,307
91,307
94,307
95,307
96,307
97,307
99,307
101,307
102,307
103,307
104,307
105,307
106,307
107,307
108,307
110,307
111,307
112,307
113,307
114,307
116,307
121,307
122,307
132,307
135,307
139,307
140,307
141,307
142,307
143,307
147,307
150,307
153,307
154,307
155,307
158,307
159,307
160,307
161,307
163,307
165,307
166,307
167,307
168,307
170,307
177,307
178,307
179,307
180,307
182,307
183,307
184,307
185,307
186,307
187,307
188,307
189,307
190,307
191,307
192,307
194,307
216,307
220,307
224,307
225,307
226,307
230,307
231,307
235,307
238,307
245,307
248,307
251,307
253,307
254,307
261,307
262,307
263,307
265,307
266,307
267,307
277,307
279,307
280,307
281,307
282,307
283,307
284,307
285,307
286,307
287,307
288,307
290,307
294,307
295,307
296,307
297,307
298,307
299,307
300,307
301,307
302,307
303,307
304,307
305,307
306,307
