1,2
1,3
2,3
1,4
2,4
3,4
1,5
2,5
3,5
4,5
1,6
2,6
3,6
4,6
5,6
9,10
10,11
9,12
10,12
11,12
13,14
14,15
17,18
16,19
16,20
19,20
16,21
19,21
20,21
16,22
19,22
20,22
21,22
16,23
19,23
20,23
21,23
22,23
16,24
19,24
20,24
21,24
22,24
23,24
25,26
28,29
7,30
29,30
32,33
34,35
34,36
35,36
37,38
8,41
15,41
8,42
41,42
8,45
41,45
42,45
41,46
42,46
46,47
43,48
47,48
43,49
48,49
46,52
40,54
53,54
40,55
53,55
54,55
41,56
42,56
45,56
41,57
41,58
42,58
45,58
56,58
8,59
15,59
41,59
42,59
45,59
57,59
40,60
41,60
42,60
45,60
46,60
54,60
55,60
56,60
58,60
46,61
52,61
51,62
8,63
46,63
52,63
61,63
46,64
52,64
61,64
63,64
43,65
48,65
49,65
8,66
41,66
42,66
45,66
59,66
45,67
46,67
52,67
61,67
63,67
64,67
45,68
46,68
52,68
61,68
63,68
64,68
67,68
59,70
71,72
75,76
77,78
45,80
66,80
32,81
80,81
32,84
80,84
81,84
80,85
81,85
84,85
80,86
81,86
84,86
85,86
80,87
81,87
84,87
85,87
86,87
80,88
81,88
84,88
85,88
86,88
87,88
32,89
75,89
76,89
81,89
84,89
81,91
84,91
89,91
81,92
84,92
90,92
87,93
88,93
90,93
92,93
80,94
81,94
84,94
85,94
86,94
87,94
88,94
89,94
91,94
26,95
91,95
94,95
80,96
85,96
80,97
81,97
84,97
85,97
86,97
87,97
88,97
90,97
94,97
96,98
32,99
73,99
80,99
81,99
84,99
85,99
86,99
87,99
88,99
89,99
91,99
92,99
93,99
94,99
97,99
8,100
42,100
85,100
97,100
73,101
80,101
85,101
86,101
91,101
95,101
97,101
99,101
15,102
41,102
59,102
15,103
41,103
59,103
102,103
15,104
41,104
59,104
102,104
103,104
15,105
41,105
59,105
102,105
103,105
104,105
80,106
81,106
84,106
85,106
86,106
87,106
88,106
94,106
97,106
99,106
100,106
101,106
81,107
83,107
90,107
92,107
93,107
81,108
83,108
90,108
92,108
93,108
107,108
81,110
83,110
84,110
87,110
88,110
90,110
91,110
92,110
93,110
99,110
107,110
108,110
90,111
92,111
93,111
96,111
107,111
108,111
110,111
80,112
81,112
90,112
92,112
96,112
98,112
84,113
85,113
86,113
92,113
93,113
96,113
98,113
99,113
100,113
106,113
112,113
83,114
84,114
90,114
92,114
93,114
106,114
107,114
108,114
110,114
111,114
25,115
90,115
92,115
93,115
95,115
107,115
108,115
110,115
111,115
114,115
41,116
59,116
96,116
98,116
100,116
112,116
113,116
114,116
84,117
90,117
92,117
93,117
107,117
108,117
110,117
111,117
114,117
115,117
80,118
81,118
84,118
85,118
86,118
87,118
88,118
89,118
91,118
94,118
97,118
99,118
100,118
106,118
80,119
81,119
84,119
85,119
86,119
87,119
88,119
89,119
91,119
94,119
97,119
99,119
100,119
106,119
118,119
115,120
85,121
90,121
92,121
93,121
106,121
107,121
108,121
110,121
111,121
114,121
115,121
117,121
83,122
85,122
90,122
92,122
93,122
106,122
107,122
108,122
110,122
111,122
114,122
115,122
117,122
121,122
85,123
90,123
92,123
93,123
106,123
107,123
108,123
110,123
111,123
114,123
115,123
117,123
121,123
122,123
83,124
85,124
90,124
92,124
93,124
106,124
107,124
108,124
110,124
111,124
114,124
115,124
117,124
121,124
122,124
123,124
90,125
96,125
98,125
112,125
113,125
116,125
32,126
80,126
81,126
84,126
85,126
86,126
87,126
88,126
89,126
91,126
94,126
97,126
99,126
106,126
118,126
119,126
80,127
81,127
84,127
85,127
86,127
87,127
88,127
90,127
92,127
93,127
94,127
95,127
97,127
99,127
106,127
113,127
118,127
119,127
126,127
96,128
98,128
112,128
113,128
116,128
118,128
119,128
125,128
80,129
81,129
84,129
85,129
86,129
87,129
88,129
94,129
97,129
98,129
99,129
106,129
118,129
119,129
126,129
127,129
80,130
81,130
84,130
85,130
86,130
87,130
88,130
89,130
91,130
94,130
97,130
99,130
106,130
118,130
119,130
126,130
127,130
129,130
85,131
86,131
87,131
88,131
90,131
92,131
93,131
97,131
106,131
107,131
108,131
110,131
111,131
114,131
115,131
117,131
121,131
122,131
123,131
124,131
127,131
85,132
86,132
87,132
88,132
90,132
92,132
93,132
97,132
106,132
107,132
108,132
110,132
111,132
114,132
115,132
117,132
121,132
122,132
123,132
124,132
127,132
131,132
96,133
98,133
100,133
112,133
113,133
116,133
125,133
128,133
84,134
90,134
91,134
92,134
93,134
94,134
95,134
107,134
108,134
110,134
111,134
114,134
115,134
117,134
118,134
119,134
121,134
122,134
123,134
124,134
131,134
132,134
92,135
93,135
96,135
99,135
113,135
126,135
127,135
129,135
54,136
55,136
96,136
98,136
101,136
112,136
113,136
116,136
125,136
128,136
133,136
81,137
90,137
91,137
92,137
95,137
100,137
101,137
112,137
81,138
83,138
84,138
90,138
92,138
93,138
99,138
107,138
108,138
110,138
111,138
112,138
113,138
114,138
115,138
117,138
121,138
122,138
123,138
124,138
127,138
131,138
132,138
134,138
137,138
80,139
81,139
84,139
85,139
86,139
87,139
88,139
89,139
91,139
94,139
97,139
99,139
106,139
118,139
119,139
126,139
127,139
128,139
129,139
130,139
134,139
136,139
83,140
84,140
90,140
91,140
92,140
93,140
99,140
107,140
108,140
110,140
111,140
113,140
114,140
115,140
117,140
121,140
122,140
123,140
124,140
127,140
131,140
132,140
134,140
135,140
138,140
92,141
93,141
99,141
113,141
126,141
127,141
135,141
140,141
90,142
92,142
93,142
107,142
108,142
110,142
111,142
114,142
115,142
117,142
121,142
122,142
123,142
124,142
125,142
127,142
131,142
132,142
134,142
138,142
140,142
48,143
80,143
81,143
90,143
96,143
98,143
112,143
113,143
116,143
125,143
128,143
133,143
136,143
142,143
92,144
94,144
96,144
98,144
106,144
112,144
113,144
116,144
125,144
128,144
133,144
136,144
142,144
143,144
92,145
94,145
96,145
98,145
106,145
112,145
113,145
116,145
125,145
128,145
133,145
136,145
142,145
143,145
144,145
80,146
81,146
84,146
85,146
86,146
87,146
88,146
89,146
91,146
94,146
97,146
99,146
106,146
118,146
119,146
120,146
125,146
126,146
127,146
129,146
130,146
139,146
80,147
81,147
84,147
85,147
86,147
87,147
88,147
94,147
96,147
97,147
99,147
100,147
101,147
106,147
118,147
119,147
125,147
126,147
127,147
129,147
130,147
133,147
138,147
139,147
146,147
54,148
55,148
80,148
81,148
84,148
85,148
86,148
87,148
88,148
94,148
97,148
99,148
100,148
101,148
106,148
118,148
119,148
126,148
127,148
129,148
130,148
136,148
139,148
146,148
147,148
90,149
92,149
93,149
107,149
108,149
110,149
111,149
114,149
115,149
117,149
121,149
122,149
123,149
124,149
127,149
131,149
132,149
134,149
138,149
140,149
142,149
90,150
92,150
93,150
99,150
107,150
108,150
110,150
111,150
113,150
114,150
115,150
117,150
121,150
122,150
123,150
124,150
127,150
131,150
132,150
134,150
135,150
138,150
140,150
141,150
142,150
149,150
80,151
81,151
84,151
85,151
86,151
87,151
88,151
94,151
97,151
99,151
101,151
106,151
118,151
119,151
126,151
127,151
128,151
129,151
130,151
134,151
136,151
139,151
146,151
147,151
148,151
54,152
55,152
80,152
81,152
84,152
85,152
86,152
87,152
88,152
92,152
94,152
97,152
99,152
100,152
101,152
106,152
107,152
108,152
118,152
119,152
126,152
127,152
129,152
130,152
136,152
139,152
144,152
145,152
146,152
147,152
148,152
149,152
151,152
94,153
95,153
96,153
98,153
112,153
113,153
116,153
125,153
128,153
131,153
132,153
133,153
134,153
136,153
143,153
144,153
145,153
80,154
81,154
84,154
85,154
86,154
87,154
88,154
90,154
93,154
94,154
95,154
97,154
99,154
100,154
106,154
118,154
119,154
123,154
126,154
127,154
129,154
130,154
131,154
132,154
135,154
139,154
146,154
147,154
148,154
151,154
152,154
90,155
91,155
92,155
93,155
99,155
107,155
108,155
110,155
111,155
112,155
113,155
114,155
115,155
117,155
121,155
122,155
123,155
124,155
127,155
131,155
132,155
134,155
135,155
138,155
140,155
141,155
142,155
149,155
150,155
86,156
95,156
96,156
97,156
98,156
99,156
101,156
112,156
113,156
116,156
125,156
128,156
133,156
134,156
136,156
143,156
144,156
145,156
147,156
151,156
153,156
90,157
92,157
93,157
99,157
101,157
107,157
108,157
110,157
111,157
113,157
114,157
115,157
117,157
121,157
122,157
123,157
124,157
127,157
131,157
132,157
134,157
135,157
136,157
138,157
140,157
141,157
142,157
149,157
150,157
152,157
154,157
155,157
90,158
96,158
97,158
98,158
111,158
112,158
113,158
116,158
125,158
128,158
133,158
136,158
143,158
144,158
145,158
153,158
154,158
156,158
8,159
42,159
95,159
100,159
107,159
108,159
116,159
118,159
119,159
121,159
122,159
123,159
124,159
126,159
130,159
150,159
152,159
8,160
42,160
95,160
100,160
107,160
108,160
116,160
118,160
119,160
121,160
122,160
123,160
124,160
126,160
130,160
150,160
152,160
159,160
81,161
86,161
87,161
88,161
94,161
95,161
96,161
98,161
99,161
101,161
106,161
112,161
113,161
116,161
125,161
128,161
133,161
134,161
136,161
143,161
144,161
145,161
151,161
153,161
156,161
158,161
81,162
86,162
87,162
88,162
94,162
95,162
96,162
98,162
99,162
101,162
106,162
112,162
113,162
116,162
125,162
128,162
133,162
134,162
136,162
143,162
144,162
145,162
151,162
153,162
156,162
158,162
161,162
81,163
90,163
92,163
96,163
98,163
100,163
101,163
112,163
113,163
116,163
121,163
122,163
123,163
124,163
125,163
128,163
133,163
136,163
137,163
138,163
143,163
144,163
145,163
152,163
153,163
156,163
157,163
158,163
161,163
162,163
48,164
90,164
92,164
93,164
97,164
101,164
107,164
108,164
110,164
111,164
113,164
114,164
115,164
116,164
117,164
121,164
122,164
123,164
124,164
127,164
131,164
132,164
134,164
136,164
138,164
140,164
142,164
143,164
149,164
150,164
152,164
154,164
155,164
157,164
158,164
163,164
41,165
59,165
82,165
96,165
98,165
100,165
112,165
113,165
116,165
118,165
119,165
125,165
128,165
133,165
136,165
143,165
144,165
145,165
147,165
153,165
154,165
156,165
158,165
159,165
160,165
161,165
162,165
163,165
60,166
81,166
86,166
87,166
88,166
94,166
96,166
97,166
98,166
112,166
113,166
116,166
125,166
127,166
128,166
131,166
132,166
133,166
136,166
139,166
143,166
144,166
145,166
151,166
153,166
154,166
156,166
158,166
161,166
162,166
163,166
165,166
81,167
83,167
90,167
92,167
93,167
99,167
107,167
108,167
110,167
111,167
112,167
113,167
114,167
115,167
117,167
121,167
122,167
123,167
124,167
127,167
131,167
132,167
134,167
135,167
137,167
138,167
140,167
141,167
142,167
149,167
150,167
155,167
157,167
163,167
164,167
80,168
81,168
84,168
85,168
86,168
87,168
88,168
94,168
97,168
99,168
101,168
106,168
110,168
118,168
119,168
126,168
127,168
129,168
130,168
139,168
140,168
146,168
147,168
148,168
151,168
152,168
154,168
156,168
161,168
162,168
166,168
16,169
48,169
143,169
148,169
164,169
170,171
73,174
85,174
97,174
100,174
147,174
148,174
152,174
75,175
76,175
103,175
104,175
105,175
75,176
76,176
103,176
104,176
105,176
175,176
80,177
81,177
84,177
85,177
86,177
87,177
88,177
89,177
91,177
92,177
94,177
97,177
99,177
106,177
113,177
117,177
118,177
119,177
126,177
127,177
128,177
129,177
130,177
134,177
139,177
146,177
147,177
148,177
151,177
152,177
154,177
168,177
84,178
85,178
92,178
93,178
96,178
98,178
99,178
106,178
112,178
113,178
116,178
125,178
127,178
128,178
133,178
135,178
136,178
138,178
140,178
141,178
143,178
144,178
145,178
150,178
153,178
155,178
156,178
157,178
158,178
161,178
162,178
163,178
165,178
166,178
167,178
177,178
80,179
81,179
84,179
85,179
86,179
87,179
88,179
94,179
97,179
99,179
106,179
118,179
119,179
126,179
127,179
129,179
130,179
139,179
146,179
147,179
148,179
151,179
152,179
154,179
165,179
168,179
177,179
79,181
109,181
80,182
81,182
84,182
85,182
86,182
87,182
88,182
94,182
97,182
99,182
106,182
118,182
119,182
125,182
126,182
127,182
129,182
130,182
133,182
139,182
146,182
147,182
148,182
151,182
152,182
154,182
165,182
168,182
172,182
177,182
179,182
85,183
90,183
92,183
93,183
97,183
100,183
106,183
107,183
108,183
110,183
111,183
114,183
115,183
116,183
117,183
121,183
122,183
123,183
124,183
127,183
131,183
132,183
134,183
138,183
140,183
142,183
149,183
150,183
155,183
157,183
164,183
167,183
46,184
47,184
149,184
169,184
90,185
92,185
93,185
107,185
108,185
110,185
111,185
114,185
115,185
117,185
121,185
122,185
123,185
124,185
131,185
132,185
134,185
138,185
140,185
142,185
149,185
150,185
155,185
157,185
164,185
167,185
183,185
90,186
92,186
93,186
107,186
108,186
110,186
111,186
114,186
115,186
117,186
121,186
122,186
123,186
124,186
131,186
132,186
134,186
138,186
140,186
142,186
149,186
150,186
155,186
157,186
164,186
167,186
183,186
185,186
90,187
92,187
93,187
107,187
108,187
110,187
111,187
114,187
115,187
117,187
121,187
122,187
123,187
124,187
131,187
132,187
134,187
138,187
140,187
142,187
149,187
150,187
155,187
157,187
164,187
167,187
183,187
185,187
186,187
80,188
81,188
84,188
85,188
86,188
87,188
88,188
93,188
94,188
95,188
97,188
99,188
106,188
118,188
119,188
123,188
126,188
127,188
128,188
129,188
130,188
131,188
132,188
139,188
146,188
147,188
148,188
151,188
152,188
154,188
157,188
168,188
177,188
179,188
182,188
185,188
54,189
55,189
85,189
90,189
92,189
93,189
97,189
100,189
106,189
107,189
108,189
110,189
111,189
114,189
115,189
117,189
121,189
122,189
123,189
124,189
131,189
132,189
134,189
136,189
138,189
140,189
142,189
147,189
148,189
149,189
150,189
152,189
155,189
157,189
164,189
167,189
174,189
183,189
185,189
186,189
187,189
80,190
81,190
84,190
85,190
86,190
87,190
88,190
89,190
91,190
94,190
97,190
98,190
99,190
106,190
114,190
118,190
119,190
121,190
122,190
123,190
124,190
126,190
127,190
129,190
130,190
139,190
146,190
147,190
148,190
151,190
152,190
154,190
168,190
177,190
179,190
182,190
188,190
80,191
81,191
84,191
85,191
86,191
87,191
88,191
89,191
91,191
94,191
97,191
98,191
99,191
101,191
106,191
118,191
119,191
126,191
127,191
129,191
130,191
139,191
146,191
147,191
148,191
151,191
152,191
154,191
156,191
168,191
177,191
179,191
182,191
188,191
190,191
80,192
81,192
84,192
85,192
86,192
87,192
88,192
92,192
93,192
94,192
96,192
97,192
99,192
100,192
101,192
106,192
113,192
118,192
119,192
126,192
127,192
129,192
130,192
135,192
136,192
138,192
139,192
140,192
141,192
146,192
147,192
148,192
150,192
151,192
152,192
154,192
155,192
157,192
158,192
163,192
164,192
167,192
168,192
174,192
177,192
178,192
179,192
182,192
188,192
189,192
190,192
191,192
8,193
42,193
75,193
85,193
96,193
147,193
80,194
177,194
178,194
120,195
146,195
169,195
90,196
92,196
93,196
107,196
108,196
110,196
111,196
114,196
115,196
117,196
118,196
119,196
121,196
122,196
123,196
124,196
128,196
130,196
131,196
132,196
134,196
138,196
139,196
140,196
142,196
149,196
150,196
155,196
157,196
164,196
167,196
183,196
184,196
185,196
186,196
187,196
188,196
189,196
120,197
146,197
169,197
195,197
60,198
90,198
92,198
93,198
107,198
108,198
110,198
111,198
114,198
115,198
117,198
118,198
119,198
121,198
122,198
123,198
124,198
128,198
131,198
132,198
134,198
138,198
139,198
140,198
142,198
149,198
150,198
155,198
157,198
164,198
166,198
167,198
183,198
185,198
186,198
187,198
188,198
189,198
190,198
196,198
90,199
97,199
154,199
158,199
164,199
60,201
90,201
92,201
93,201
101,201
107,201
108,201
110,201
111,201
114,201
115,201
117,201
121,201
122,201
123,201
124,201
130,201
131,201
132,201
134,201
136,201
138,201
140,201
142,201
149,201
150,201
152,201
155,201
157,201
163,201
164,201
166,201
167,201
183,201
185,201
186,201
187,201
189,201
192,201
196,201
198,201
80,202
81,202
84,202
85,202
86,202
87,202
88,202
92,202
93,202
94,202
97,202
99,202
106,202
113,202
118,202
119,202
126,202
127,202
129,202
130,202
138,202
139,202
140,202
146,202
147,202
148,202
150,202
151,202
152,202
154,202
155,202
157,202
167,202
168,202
177,202
178,202
179,202
182,202
185,202
188,202
190,202
191,202
192,202
201,202
83,203
84,203
90,203
92,203
93,203
107,203
108,203
110,203
111,203
114,203
115,203
117,203
121,203
122,203
123,203
124,203
126,203
130,203
131,203
132,203
134,203
138,203
140,203
142,203
149,203
150,203
155,203
157,203
159,203
160,203
164,203
167,203
183,203
185,203
186,203
187,203
189,203
196,203
198,203
201,203
60,204
90,204
92,204
93,204
107,204
108,204
110,204
111,204
114,204
115,204
117,204
118,204
119,204
121,204
122,204
123,204
124,204
128,204
131,204
132,204
134,204
138,204
139,204
140,204
142,204
149,204
150,204
155,204
157,204
164,204
166,204
167,204
183,204
185,204
186,204
187,204
188,204
189,204
190,204
196,204
198,204
201,204
203,204
60,205
90,205
92,205
93,205
107,205
108,205
110,205
111,205
114,205
115,205
117,205
118,205
119,205
121,205
122,205
123,205
124,205
128,205
131,205
132,205
134,205
138,205
139,205
140,205
142,205
149,205
150,205
155,205
157,205
164,205
166,205
167,205
183,205
185,205
186,205
187,205
188,205
189,205
190,205
196,205
198,205
201,205
203,205
204,205
60,206
90,206
92,206
93,206
107,206
108,206
110,206
111,206
114,206
115,206
117,206
118,206
119,206
121,206
122,206
123,206
124,206
128,206
131,206
132,206
134,206
138,206
139,206
140,206
142,206
149,206
150,206
155,206
157,206
164,206
166,206
167,206
183,206
185,206
186,206
187,206
188,206
189,206
190,206
196,206
198,206
201,206
203,206
204,206
205,206
80,207
81,207
84,207
85,207
86,207
87,207
88,207
90,207
94,207
97,207
99,207
101,207
106,207
107,207
108,207
118,207
119,207
125,207
126,207
127,207
129,207
130,207
136,207
139,207
142,207
143,207
146,207
147,207
148,207
151,207
152,207
154,207
157,207
159,207
160,207
163,207
164,207
168,207
177,207
179,207
182,207
188,207
190,207
191,207
192,207
201,207
202,207
90,208
92,208
93,208
107,208
108,208
110,208
111,208
114,208
115,208
117,208
121,208
122,208
123,208
124,208
131,208
132,208
134,208
138,208
140,208
142,208
149,208
150,208
155,208
157,208
164,208
167,208
183,208
185,208
186,208
187,208
189,208
193,208
196,208
198,208
201,208
203,208
204,208
205,208
206,208
200,209
48,210
80,210
81,210
84,210
85,210
86,210
87,210
88,210
92,210
93,210
94,210
95,210
97,210
99,210
106,210
113,210
118,210
119,210
126,210
127,210
129,210
130,210
135,210
138,210
139,210
140,210
141,210
143,210
146,210
147,210
148,210
149,210
150,210
151,210
152,210
154,210
155,210
157,210
164,210
167,210
168,210
169,210
177,210
178,210
179,210
182,210
183,210
188,210
190,210
191,210
192,210
202,210
207,210
46,211
47,211
79,211
184,211
28,212
46,213
47,213
169,213
184,213
211,213
46,214
47,214
169,214
184,214
211,214
213,214
46,215
47,215
169,215
184,215
211,215
212,215
213,215
214,215
80,216
81,216
84,216
85,216
86,216
87,216
88,216
89,216
91,216
94,216
97,216
99,216
106,216
118,216
119,216
126,216
127,216
129,216
130,216
139,216
146,216
147,216
148,216
151,216
152,216
154,216
161,216
162,216
166,216
168,216
177,216
179,216
182,216
188,216
190,216
191,216
192,216
202,216
207,216
210,216
81,217
87,217
88,217
90,217
92,217
93,217
99,217
107,217
108,217
110,217
111,217
113,217
114,217
115,217
117,217
121,217
122,217
123,217
124,217
127,217
131,217
132,217
134,217
138,217
140,217
142,217
143,217
149,217
150,217
155,217
157,217
159,217
160,217
164,217
167,217
178,217
183,217
185,217
186,217
187,217
189,217
192,217
196,217
198,217
201,217
202,217
203,217
204,217
205,217
206,217
208,217
210,217
81,218
87,218
88,218
90,218
92,218
93,218
99,218
107,218
108,218
110,218
111,218
113,218
114,218
115,218
117,218
121,218
122,218
123,218
124,218
127,218
131,218
132,218
134,218
138,218
140,218
142,218
143,218
149,218
150,218
155,218
157,218
159,218
160,218
164,218
167,218
178,218
183,218
185,218
186,218
187,218
189,218
192,218
196,218
198,218
201,218
202,218
203,218
204,218
205,218
206,218
208,218
210,218
217,218
84,219
85,219
99,219
106,219
113,219
121,219
122,219
123,219
124,219
127,219
131,219
132,219
177,219
178,219
183,219
189,219
192,219
202,219
210,219
148,220
169,220
175,220
176,220
216,220
148,221
169,221
175,221
176,221
216,221
220,221
194,222
209,222
194,223
209,223
222,223
158,224
175,224
176,224
194,224
200,224
209,224
222,224
223,224
48,225
90,225
92,225
93,225
107,225
108,225
110,225
111,225
114,225
115,225
116,225
117,225
121,225
122,225
123,225
124,225
126,225
127,225
130,225
131,225
132,225
134,225
138,225
140,225
142,225
143,225
149,225
150,225
155,225
157,225
159,225
160,225
164,225
167,225
169,225
183,225
185,225
186,225
187,225
189,225
196,225
198,225
201,225
203,225
204,225
205,225
206,225
208,225
210,225
217,225
218,225
84,226
85,226
99,226
106,226
113,226
121,226
122,226
123,226
124,226
127,226
131,226
132,226
177,226
178,226
183,226
189,226
192,226
202,226
210,226
219,226
84,227
85,227
90,227
92,227
93,227
106,227
107,227
108,227
110,227
111,227
114,227
115,227
117,227
121,227
122,227
123,227
124,227
130,227
131,227
132,227
134,227
138,227
140,227
142,227
149,227
150,227
155,227
157,227
164,227
167,227
183,227
185,227
186,227
187,227
189,227
196,227
198,227
201,227
202,227
203,227
204,227
205,227
206,227
208,227
217,227
218,227
219,227
225,227
226,227
48,228
84,228
85,228
93,228
115,228
123,228
127,228
130,228
131,228
132,228
143,228
157,228
164,228
169,228
183,228
196,228
201,228
202,228
210,228
217,228
218,228
219,228
225,228
227,228
48,229
84,229
85,229
93,229
115,229
123,229
127,229
130,229
131,229
132,229
143,229
157,229
164,229
169,229
183,229
196,229
201,229
202,229
210,229
217,229
218,229
219,229
225,229
227,229
228,229
97,230
154,230
158,230
185,230
186,230
187,230
208,230
226,230
81,231
90,231
92,231
93,231
107,231
108,231
110,231
111,231
112,231
114,231
115,231
117,231
121,231
122,231
123,231
124,231
131,231
132,231
134,231
137,231
138,231
140,231
142,231
149,231
150,231
155,231
157,231
163,231
164,231
167,231
183,231
185,231
186,231
187,231
189,231
196,231
198,231
201,231
203,231
204,231
205,231
206,231
208,231
217,231
218,231
225,231
227,231
230,231
83,232
86,232
87,232
88,232
91,232
95,232
101,232
107,232
108,232
110,232
114,232
122,232
124,232
129,232
131,232
132,232
137,232
138,232
140,232
161,232
162,232
166,232
167,232
179,232
202,232
203,232
80,233
81,233
84,233
85,233
86,233
87,233
88,233
94,233
95,233
97,233
99,233
106,233
118,233
119,233
126,233
127,233
129,233
130,233
139,233
146,233
147,233
148,233
151,233
152,233
154,233
168,233
177,233
179,233
182,233
188,233
190,233
191,233
192,233
202,233
207,233
210,233
216,233
85,234
90,234
92,234
93,234
106,234
107,234
108,234
110,234
111,234
114,234
115,234
117,234
121,234
122,234
123,234
124,234
131,234
132,234
134,234
138,234
140,234
142,234
149,234
150,234
155,234
157,234
164,234
167,234
183,234
185,234
186,234
187,234
189,234
196,234
198,234
201,234
203,234
204,234
205,234
206,234
208,234
216,234
217,234
218,234
219,234
225,234
226,234
227,234
231,234
232,234
96,235
97,235
98,235
112,235
113,235
116,235
121,235
122,235
123,235
124,235
125,235
128,235
133,235
136,235
143,235
144,235
145,235
147,235
150,235
153,235
156,235
158,235
159,235
160,235
161,235
162,235
163,235
165,235
166,235
178,235
182,235
217,235
218,235
92,236
93,236
99,236
113,236
127,236
135,236
138,236
140,236
141,236
150,236
155,236
157,236
167,236
178,236
192,236
202,236
210,236
216,236
217,236
218,236
226,236
234,236
80,237
90,237
92,237
93,237
96,237
107,237
108,237
110,237
111,237
112,237
114,237
115,237
117,237
121,237
122,237
123,237
124,237
131,237
132,237
134,237
138,237
140,237
142,237
143,237
149,237
150,237
155,237
157,237
164,237
167,237
183,237
185,237
186,237
187,237
189,237
196,237
198,237
201,237
203,237
204,237
205,237
206,237
208,237
216,237
217,237
218,237
220,237
225,237
227,237
231,237
234,237
80,238
81,238
84,238
85,238
86,238
87,238
88,238
94,238
96,238
97,238
99,238
100,238
101,238
106,238
112,238
118,238
119,238
125,238
126,238
127,238
129,238
130,238
135,238
139,238
141,238
143,238
146,238
147,238
148,238
151,238
152,238
154,238
156,238
168,238
174,238
177,238
179,238
182,238
188,238
189,238
190,238
191,238
192,238
202,238
207,238
210,238
216,238
233,238
237,238
86,239
87,239
88,239
91,239
95,239
96,239
100,239
101,239
129,239
137,239
179,239
201,239
202,239
232,239
234,239
80,240
81,240
84,240
85,240
86,240
87,240
88,240
94,240
97,240
99,240
106,240
118,240
119,240
126,240
127,240
129,240
130,240
139,240
146,240
147,240
148,240
151,240
152,240
154,240
168,240
177,240
179,240
182,240
188,240
190,240
191,240
192,240
202,240
207,240
210,240
216,240
232,240
233,240
238,240
239,240
90,241
92,241
93,241
107,241
108,241
110,241
111,241
114,241
115,241
116,241
117,241
121,241
122,241
123,241
124,241
125,241
127,241
131,241
132,241
134,241
138,241
140,241
142,241
149,241
150,241
155,241
157,241
164,241
167,241
183,241
185,241
186,241
187,241
189,241
196,241
198,241
201,241
203,241
204,241
205,241
206,241
208,241
210,241
217,241
218,241
225,241
227,241
228,241
229,241
231,241
234,241
236,241
237,241
48,242
90,242
92,242
93,242
107,242
108,242
110,242
111,242
114,242
115,242
116,242
117,242
121,242
122,242
123,242
124,242
125,242
127,242
131,242
132,242
134,242
138,242
140,242
142,242
143,242
148,242
149,242
150,242
155,242
157,242
164,242
167,242
169,242
183,242
185,242
186,242
187,242
189,242
196,242
198,242
201,242
203,242
204,242
205,242
206,242
208,242
210,242
217,242
218,242
225,242
227,242
228,242
229,242
231,242
234,242
237,242
241,242
80,243
81,243
84,243
85,243
86,243
87,243
88,243
94,243
97,243
99,243
106,243
113,243
118,243
119,243
121,243
122,243
123,243
124,243
126,243
127,243
129,243
130,243
131,243
132,243
139,243
143,243
146,243
147,243
148,243
150,243
151,243
152,243
154,243
159,243
160,243
168,243
172,243
177,243
178,243
179,243
182,243
183,243
188,243
189,243
190,243
191,243
192,243
202,243
207,243
210,243
216,243
217,243
218,243
219,243
226,243
227,243
228,243
229,243
233,243
234,243
235,243
238,243
240,243
80,244
81,244
84,244
85,244
86,244
87,244
88,244
94,244
97,244
99,244
106,244
118,244
119,244
126,244
127,244
129,244
130,244
131,244
132,244
135,244
139,244
141,244
146,244
147,244
148,244
151,244
152,244
154,244
159,244
160,244
166,244
168,244
177,244
179,244
182,244
188,244
190,244
191,244
192,244
202,244
203,244
207,244
210,244
216,244
225,244
233,244
238,244
240,244
241,244
243,244
80,245
81,245
84,245
85,245
86,245
87,245
88,245
89,245
91,245
94,245
96,245
97,245
99,245
106,245
112,245
118,245
119,245
126,245
127,245
129,245
130,245
139,245
143,245
146,245
147,245
148,245
151,245
152,245
154,245
168,245
177,245
178,245
179,245
182,245
188,245
190,245
191,245
192,245
201,245
202,245
207,245
210,245
216,245
233,245
237,245
238,245
240,245
243,245
244,245
8,246
42,246
45,246
46,246
52,246
59,246
61,246
63,246
64,246
66,246
67,246
68,246
70,246
41,247
42,247
45,247
56,247
58,247
60,247
59,248
70,248
246,248
46,249
52,249
59,249
61,249
63,249
64,249
67,249
68,249
70,249
246,249
248,249
41,250
42,250
45,250
56,250
58,250
60,250
61,250
63,250
78,250
173,250
247,250
8,252
41,252
42,252
45,252
56,252
58,252
59,252
60,252
66,252
246,252
247,252
249,252
250,252
252,253
252,254
253,254
158,255
175,255
176,255
181,255
193,255
224,255
175,256
176,256
177,256
178,256
194,256
255,256
90,257
92,257
93,257
107,257
108,257
110,257
111,257
114,257
115,257
117,257
121,257
122,257
123,257
124,257
131,257
132,257
134,257
138,257
140,257
142,257
149,257
150,257
155,257
157,257
164,257
167,257
183,257
185,257
186,257
187,257
189,257
196,257
198,257
201,257
203,257
204,257
205,257
206,257
208,257
217,257
218,257
225,257
227,257
231,257
234,257
237,257
241,257
242,257
81,258
86,258
87,258
88,258
90,258
94,258
120,258
125,258
142,258
143,258
149,258
161,258
162,258
166,258
168,258
195,258
197,258
207,258
216,258
103,259
104,259
105,259
200,259
222,261
223,261
200,264
209,264
224,264
255,264
91,265
94,265
118,265
119,265
134,265
139,265
175,265
176,265
177,265
75,266
76,266
175,266
176,266
224,266
255,266
256,266
175,267
176,267
255,267
266,267
109,268
181,268
102,269
222,269
223,269
175,270
176,270
255,270
266,270
267,270
8,271
42,271
109,271
181,271
193,271
200,271
259,271
268,271
8,272
42,272
109,272
181,272
193,272
200,272
259,272
268,272
271,272
200,273
209,273
222,273
223,273
224,273
264,273
109,274
181,274
268,274
270,274
271,274
272,274
8,275
42,275
109,275
181,275
193,275
200,275
259,275
268,275
271,275
272,275
274,275
109,276
181,276
268,276
271,276
272,276
274,276
275,276
32,277
67,277
68,277
80,277
81,277
84,277
85,277
86,277
87,277
88,277
89,277
91,277
92,277
93,277
94,277
97,277
99,277
106,277
110,277
113,277
118,277
119,277
126,277
127,277
129,277
130,277
135,277
138,277
139,277
140,277
141,277
146,277
147,277
148,277
150,277
151,277
152,277
154,277
155,277
157,277
158,277
167,277
168,277
177,277
178,277
179,277
182,277
186,277
187,277
188,277
190,277
191,277
192,277
202,277
205,277
206,277
207,277
210,277
216,277
217,277
218,277
219,277
226,277
227,277
228,277
229,277
233,277
236,277
238,277
240,277
243,277
244,277
245,277
84,278
90,278
92,278
93,278
99,278
100,278
107,278
108,278
110,278
111,278
113,278
114,278
115,278
117,278
121,278
122,278
123,278
124,278
127,278
131,278
132,278
134,278
135,278
137,278
138,278
140,278
141,278
142,278
147,278
149,278
150,278
155,278
157,278
164,278
167,278
178,278
183,278
185,278
186,278
187,278
189,278
192,278
196,278
198,278
201,278
202,278
203,278
204,278
205,278
206,278
208,278
210,278
217,278
218,278
225,278
226,278
227,278
230,278
231,278
234,278
236,278
237,278
241,278
242,278
257,278
260,278
277,278
224,279
200,280
209,280
222,280
223,280
224,280
264,280
273,280
175,281
176,281
193,281
255,281
256,281
266,281
267,281
270,281
200,282
209,282
224,282
264,282
273,282
279,282
280,282
200,283
209,283
224,283
264,283
273,283
279,283
280,283
282,283
175,284
176,284
193,284
200,284
209,284
224,284
264,284
266,284
273,284
275,284
279,284
280,284
282,284
283,284
193,285
200,285
209,285
224,285
259,285
264,285
271,285
272,285
273,285
275,285
280,285
282,285
283,285
284,285
46,286
47,286
79,286
83,286
148,286
149,286
184,286
196,286
211,286
213,286
214,286
215,286
109,287
181,287
268,287
271,287
272,287
274,287
275,287
276,287
281,287
194,288
200,288
273,288
280,288
285,288
255,289
264,289
281,289
175,290
176,290
193,290
200,290
209,290
222,290
223,290
224,290
264,290
266,290
273,290
279,290
280,290
282,290
283,290
284,290
285,290
109,291
181,291
193,291
268,291
271,291
272,291
274,291
275,291
276,291
279,291
282,291
283,291
285,291
287,291
290,291
109,292
181,292
193,292
268,292
271,292
272,292
274,292
275,292
276,292
279,292
282,292
283,292
285,292
287,292
290,292
291,292
200,293
209,293
224,293
259,293
264,293
271,293
272,293
273,293
275,293
280,293
281,293
282,293
283,293
284,293
285,293
289,293
290,293
173,294
259,294
262,294
173,295
259,295
270,295
294,295
173,296
259,296
262,296
270,296
294,296
295,296
209,297
295,297
175,298
176,298
193,298
200,298
255,298
256,298
266,298
267,298
270,298
281,298
285,298
287,298
288,298
200,299
209,299
224,299
264,299
273,299
279,299
280,299
282,299
283,299
284,299
285,299
290,299
291,299
292,299
293,299
262,300
266,300
270,300
294,300
295,300
297,300
259,301
294,301
295,301
296,301
173,303
294,303
295,303
296,303
173,304
266,304
270,304
294,304
295,304
296,304
300,304
301,304
303,304
193,305
262,305
287,305
294,305
296,305
300,305
255,306
256,306
281,306
285,306
289,306
293,306
298,306
123,307
148,307
154,307
188,307
190,307
286,307
