1,2
1,3
2,3
4,5
4,6
5,6
14,15
10,16
16,17
7,18
16,18
17,18
18,19
1,20
2,20
3,20
7,20
18,20
17,21
19,21
9,22
10,22
16,23
17,23
18,23
16,24
17,24
18,24
23,24
14,25
15,25
22,25
20,26
25,27
10,28
11,28
14,28
15,28
25,28
22,29
10,30
11,30
14,30
15,30
25,30
28,30
25,31
26,31
27,31
10,32
12,32
22,32
22,33
25,33
27,34
27,35
34,35
27,36
34,36
35,36
7,37
16,37
17,37
18,37
20,37
21,37
23,37
24,37
10,38
20,38
22,38
26,38
28,38
32,38
34,38
35,38
36,38
10,39
11,39
22,39
28,39
30,39
17,41
21,41
31,41
27,42
34,42
35,42
36,42
22,43
29,43
33,43
21,45
41,45
7,46
16,46
17,46
18,46
19,46
20,46
23,46
24,46
37,46
21,47
41,47
45,47
41,48
45,48
47,48
49,50
16,51
23,51
24,51
26,51
31,51
46,51
10,52
52,53
46,54
52,54
53,54
7,55
18,55
20,55
37,55
46,55
52,55
40,56
49,56
50,56
20,57
26,57
38,57
12,58
38,58
8,60
23,60
24,60
28,60
30,60
39,60
46,60
57,60
16,61
17,61
18,61
23,61
24,61
37,61
41,61
46,61
54,61
60,61
16,62
17,62
18,62
23,62
24,62
37,62
41,62
46,62
54,62
60,62
61,62
10,63
11,63
25,63
28,63
30,63
39,63
60,63
19,64
49,64
50,64
56,64
14,65
15,65
25,65
27,65
30,65
31,65
64,65
40,66
49,66
50,66
56,66
64,66
65,66
40,67
52,67
53,67
55,67
56,67
61,67
62,67
66,67
14,68
15,68
25,68
30,68
40,68
49,68
50,68
56,68
64,68
65,68
66,68
67,68
69,72
75,76
12,78
32,78
71,80
72,80
79,83
69,85
72,85
69,86
72,86
85,86
69,87
72,87
85,87
86,87
69,88
72,88
85,88
86,88
87,88
73,89
73,91
89,91
73,92
89,92
91,92
75,93
90,93
69,96
71,97
73,97
75,97
80,97
71,98
74,98
76,98
80,98
89,98
94,98
97,98
91,99
92,99
71,100
73,100
75,100
76,100
80,100
97,100
98,100
69,101
73,101
74,101
96,101
7,103
102,103
10,104
28,104
30,104
39,104
63,104
78,104
10,105
28,105
30,105
39,105
63,105
78,105
104,105
7,106
102,106
103,106
28,107
30,107
39,107
49,107
50,107
63,107
102,107
103,107
106,107
69,108
72,108
85,108
86,108
87,108
88,108
92,108
99,108
69,109
72,109
85,109
86,109
87,109
88,109
92,109
99,109
108,109
10,110
28,110
30,110
39,110
63,110
104,110
105,110
108,110
109,110
94,111
98,111
104,111
105,111
108,111
109,111
110,111
40,112
49,112
50,112
56,112
64,112
66,112
67,112
68,112
75,114
84,114
99,115
73,117
89,117
91,117
92,117
96,117
97,117
101,117
90,118
92,118
93,118
98,118
99,118
108,118
109,118
73,119
75,119
89,119
91,119
92,119
96,119
114,119
117,119
73,120
80,120
89,120
91,120
92,120
117,120
119,120
114,121
90,122
92,122
93,122
118,122
123,124
74,125
91,125
98,125
116,125
76,126
84,126
89,126
98,126
99,126
115,126
73,127
89,127
91,127
92,127
99,127
108,127
109,127
117,127
118,127
119,127
120,127
126,127
93,128
99,128
115,128
126,128
73,129
74,129
89,129
91,129
92,129
101,129
117,129
119,129
120,129
127,129
74,130
90,130
93,130
98,130
101,130
118,130
122,130
125,130
127,130
129,130
90,131
91,131
92,131
93,131
118,131
122,131
130,131
90,132
91,132
92,132
93,132
116,132
118,132
122,132
130,132
131,132
84,133
89,133
99,133
115,133
126,133
128,133
74,134
116,134
125,134
133,134
71,135
74,135
80,135
89,135
97,135
98,135
100,135
125,135
130,135
73,136
74,136
89,136
91,136
92,136
98,136
101,136
117,136
119,136
120,136
122,136
125,136
127,136
129,136
130,136
135,136
90,137
93,137
115,137
118,137
122,137
127,137
130,137
131,137
132,137
4,138
5,138
6,138
69,138
96,138
101,138
116,138
129,138
130,138
131,138
133,138
134,138
135,138
71,139
80,139
95,139
97,139
98,139
100,139
135,139
73,140
75,140
89,140
91,140
92,140
117,140
119,140
120,140
127,140
129,140
136,140
73,141
89,141
91,141
92,141
96,141
117,141
119,141
120,141
127,141
129,141
136,141
140,141
93,142
99,142
115,142
126,142
128,142
133,142
138,142
73,143
89,143
90,143
91,143
92,143
117,143
118,143
119,143
120,143
127,143
129,143
131,143
132,143
136,143
140,143
141,143
73,144
90,144
93,144
97,144
118,144
122,144
130,144
131,144
132,144
137,144
140,144
141,144
73,145
90,145
93,145
97,145
118,145
122,145
130,145
131,145
132,145
137,145
140,145
141,145
144,145
73,146
89,146
91,146
92,146
117,146
119,146
120,146
127,146
129,146
130,146
136,146
140,146
141,146
143,146
99,147
115,147
126,147
128,147
133,147
142,147
73,148
89,148
91,148
92,148
97,148
117,148
119,148
120,148
127,148
129,148
136,148
140,148
141,148
143,148
144,148
145,148
146,148
73,149
97,149
99,149
101,149
115,149
126,149
127,149
128,149
129,149
133,149
136,149
142,149
144,149
145,149
146,149
147,149
148,149
75,150
89,150
98,150
99,150
115,150
119,150
126,150
128,150
133,150
135,150
140,150
142,150
147,150
149,150
73,151
74,151
85,151
86,151
87,151
88,151
89,151
96,151
101,151
126,151
129,151
130,151
133,151
136,151
149,151
74,152
84,152
114,152
130,152
136,152
139,152
76,153
84,153
98,153
100,153
114,153
121,153
126,153
142,153
150,153
152,153
76,154
84,154
98,154
100,154
114,154
126,154
150,154
152,154
153,154
73,155
74,155
75,155
89,155
91,155
92,155
101,155
114,155
117,155
119,155
120,155
127,155
129,155
130,155
136,155
140,155
141,155
143,155
146,155
148,155
151,155
152,155
84,156
114,156
118,156
137,156
152,156
153,156
154,156
73,157
89,157
93,157
98,157
99,157
115,157
126,157
128,157
130,157
133,157
135,157
136,157
137,157
140,157
141,157
142,157
147,157
148,157
149,157
150,157
96,158
116,158
117,158
119,158
130,158
131,158
135,158
138,158
141,158
73,159
89,159
91,159
92,159
93,159
100,159
115,159
117,159
119,159
120,159
127,159
128,159
129,159
135,159
136,159
137,159
140,159
141,159
143,159
146,159
148,159
155,159
157,159
73,160
89,160
91,160
92,160
93,160
100,160
115,160
117,160
119,160
120,160
127,160
128,160
129,160
135,160
136,160
137,160
140,160
141,160
143,160
146,160
148,160
155,160
157,160
159,160
73,161
89,161
91,161
92,161
93,161
100,161
115,161
117,161
119,161
120,161
127,161
128,161
129,161
135,161
136,161
137,161
140,161
141,161
143,161
146,161
148,161
155,161
157,161
159,161
160,161
73,162
89,162
91,162
92,162
93,162
100,162
115,162
117,162
119,162
120,162
127,162
128,162
129,162
135,162
136,162
137,162
140,162
141,162
143,162
146,162
148,162
155,162
157,162
159,162
160,162
161,162
74,163
84,163
101,163
114,163
117,163
125,163
129,163
130,163
136,163
139,163
151,163
152,163
153,163
154,163
155,163
156,163
91,164
92,164
99,164
115,164
126,164
128,164
131,164
132,164
133,164
136,164
142,164
147,164
149,164
150,164
155,164
157,164
75,165
90,165
93,165
100,165
118,165
122,165
127,165
128,165
130,165
131,165
132,165
136,165
137,165
140,165
141,165
144,165
145,165
146,165
154,165
73,166
75,166
89,166
91,166
92,166
96,166
114,166
115,166
117,166
119,166
120,166
127,166
128,166
129,166
136,166
140,166
141,166
143,166
146,166
148,166
155,166
158,166
159,166
160,166
161,166
162,166
73,167
74,167
89,167
91,167
92,167
117,167
119,167
120,167
127,167
129,167
130,167
131,167
136,167
138,167
140,167
141,167
142,167
143,167
146,167
147,167
148,167
155,167
158,167
159,167
160,167
161,167
162,167
166,167
90,168
92,168
93,168
99,168
108,168
109,168
116,168
118,168
122,168
127,168
130,168
131,168
132,168
137,168
143,168
144,168
145,168
149,168
165,168
90,169
92,169
93,169
118,169
122,169
130,169
131,169
132,169
137,169
143,169
144,169
145,169
165,169
168,169
170,171
77,172
16,173
23,173
24,173
51,173
170,174
171,174
90,175
172,175
70,176
113,176
73,177
75,177
84,177
89,177
91,177
92,177
100,177
117,177
119,177
120,177
127,177
129,177
136,177
139,177
140,177
141,177
143,177
146,177
148,177
149,177
155,177
157,177
159,177
160,177
161,177
162,177
165,177
166,177
167,177
69,178
71,178
80,178
97,178
98,178
100,178
135,178
139,178
72,179
76,179
80,179
85,179
86,179
87,179
88,179
90,179
93,179
118,179
122,179
130,179
131,179
132,179
137,179
144,179
145,179
165,179
168,179
169,179
72,180
76,180
100,180
108,180
109,180
153,180
154,180
96,181
151,181
180,181
121,182
153,182
180,182
90,183
93,183
101,183
117,183
118,183
122,183
130,183
131,183
132,183
134,183
135,183
137,183
138,183
144,183
145,183
163,183
165,183
168,183
169,183
179,183
98,184
99,184
115,184
126,184
128,184
133,184
142,184
147,184
149,184
150,184
157,184
158,184
164,184
94,185
71,186
80,186
97,186
98,186
100,186
125,186
130,186
131,186
135,186
138,186
139,186
158,186
167,186
178,186
71,187
80,187
97,187
98,187
100,187
125,187
130,187
131,187
135,187
138,187
139,187
158,187
167,187
178,187
186,187
4,188
5,188
6,188
69,188
96,188
101,188
125,188
138,188
186,188
187,188
73,189
99,189
115,189
122,189
126,189
128,189
130,189
133,189
136,189
142,189
147,189
148,189
149,189
150,189
157,189
164,189
168,189
177,189
184,189
73,190
91,190
99,190
115,190
126,190
128,190
131,190
132,190
133,190
136,190
142,190
147,190
148,190
149,190
150,190
157,190
164,190
168,190
177,190
184,190
189,190
73,191
75,191
89,191
91,191
92,191
115,191
117,191
119,191
120,191
127,191
128,191
129,191
136,191
140,191
141,191
142,191
143,191
146,191
148,191
150,191
155,191
159,191
160,191
161,191
162,191
166,191
167,191
177,191
190,191
71,192
74,192
80,192
97,192
98,192
100,192
101,192
116,192
129,192
130,192
135,192
136,192
139,192
151,192
155,192
163,192
178,192
186,192
187,192
91,193
92,193
99,193
108,193
109,193
118,193
127,193
131,193
132,193
143,193
168,193
169,193
172,193
175,193
90,194
93,194
115,194
118,194
122,194
130,194
131,194
132,194
137,194
142,194
144,194
145,194
165,194
166,194
168,194
169,194
179,194
183,194
191,194
73,195
74,195
101,195
116,195
127,195
129,195
130,195
131,195
136,195
138,195
146,195
148,195
149,195
151,195
152,195
155,195
158,195
163,195
167,195
168,195
177,195
186,195
187,195
190,195
192,195
69,196
70,196
96,196
97,196
101,196
117,196
122,196
127,196
138,196
146,196
151,196
177,196
188,196
195,196
98,197
99,197
115,197
117,197
119,197
126,197
128,197
133,197
141,197
142,197
147,197
149,197
150,197
157,197
158,197
164,197
166,197
184,197
189,197
190,197
96,198
98,198
99,198
115,198
117,198
119,198
126,198
128,198
133,198
141,198
142,198
147,198
149,198
150,198
157,198
158,198
164,198
166,198
184,198
189,198
190,198
197,198
84,199
114,199
152,199
153,199
154,199
156,199
163,199
73,200
75,200
89,200
91,200
92,200
117,200
119,200
120,200
127,200
129,200
135,200
136,200
138,200
140,200
141,200
143,200
146,200
148,200
150,200
155,200
159,200
160,200
161,200
162,200
166,200
167,200
169,200
177,200
180,200
183,200
184,200
191,200
75,201
89,201
114,201
116,201
119,201
148,201
155,201
157,201
158,201
166,201
168,201
189,201
195,201
71,202
73,202
74,202
80,202
97,202
98,202
100,202
101,202
108,202
109,202
127,202
129,202
130,202
135,202
136,202
139,202
146,202
149,202
151,202
152,202
155,202
163,202
177,202
178,202
186,202
187,202
192,202
195,202
196,202
172,203
172,204
203,204
84,205
114,205
140,205
152,205
153,205
154,205
156,205
163,205
192,205
195,205
199,205
200,205
69,206
72,206
85,206
86,206
87,206
88,206
96,206
101,206
108,206
109,206
138,206
188,206
196,206
75,207
76,207
91,207
98,207
108,207
109,207
110,207
128,207
139,207
143,207
165,207
169,207
74,208
89,208
98,208
125,208
130,208
135,208
136,208
140,208
150,208
157,208
159,208
160,208
161,208
162,208
205,208
71,209
75,209
80,209
97,209
98,209
100,209
128,209
135,209
139,209
156,209
165,209
178,209
186,209
187,209
192,209
194,209
202,209
207,209
90,210
93,210
118,210
122,210
129,210
130,210
131,210
132,210
137,210
138,210
144,210
145,210
158,210
165,210
167,210
168,210
169,210
179,210
183,210
186,210
187,210
191,210
194,210
195,210
84,211
177,211
69,212
96,212
101,212
138,212
188,212
196,212
206,212
71,213
75,213
80,213
84,213
97,213
98,213
100,213
126,213
133,213
135,213
139,213
177,213
178,213
186,213
187,213
192,213
202,213
209,213
211,213
212,213
71,214
75,214
80,214
84,214
97,214
98,214
100,214
126,214
133,214
135,214
139,214
177,214
178,214
186,214
187,214
192,214
202,214
209,214
211,214
212,214
213,214
123,215
124,215
207,215
212,215
213,215
214,215
73,217
89,217
91,217
92,217
96,217
117,217
119,217
120,217
127,217
129,217
130,217
131,217
136,217
138,217
140,217
141,217
143,217
146,217
148,217
149,217
155,217
157,217
158,217
159,217
160,217
161,217
162,217
166,217
167,217
177,217
186,217
187,217
189,217
190,217
191,217
195,217
197,217
198,217
200,217
210,217
73,218
89,218
91,218
92,218
96,218
117,218
119,218
120,218
127,218
129,218
130,218
131,218
136,218
138,218
140,218
141,218
143,218
146,218
148,218
149,218
155,218
157,218
158,218
159,218
160,218
161,218
162,218
166,218
167,218
177,218
186,218
187,218
189,218
190,218
191,218
195,218
197,218
198,218
200,218
210,218
217,218
108,219
109,219
110,219
127,219
156,219
172,219
175,219
193,219
207,219
84,220
114,220
115,220
121,220
137,220
142,220
152,220
153,220
154,220
156,220
163,220
165,220
182,220
191,220
199,220
205,220
90,221
93,221
118,221
120,221
122,221
130,221
131,221
132,221
137,221
143,221
144,221
145,221
165,221
168,221
169,221
179,221
183,221
194,221
210,221
71,222
80,222
97,222
98,222
100,222
115,222
122,222
129,222
135,222
139,222
142,222
178,222
186,222
187,222
191,222
192,222
196,222
202,222
209,222
213,222
214,222
220,222
71,223
80,223
97,223
98,223
100,223
115,223
122,223
129,223
135,223
139,223
142,223
178,223
186,223
187,223
191,223
192,223
196,223
202,223
209,223
213,223
214,223
220,223
222,223
71,224
73,224
74,224
80,224
97,224
98,224
100,224
101,224
127,224
129,224
130,224
135,224
136,224
139,224
146,224
151,224
152,224
155,224
163,224
177,224
178,224
186,224
187,224
192,224
195,224
196,224
202,224
209,224
213,224
214,224
222,224
223,224
69,225
84,225
90,225
93,225
118,225
122,225
130,225
131,225
132,225
137,225
144,225
145,225
165,225
168,225
169,225
177,225
179,225
183,225
194,225
210,225
211,225
213,225
214,225
221,225
73,226
84,226
90,226
93,226
97,226
118,226
122,226
130,226
131,226
132,226
137,226
144,226
145,226
148,226
149,226
165,226
168,226
169,226
177,226
179,226
183,226
194,226
210,226
211,226
213,226
214,226
221,226
222,226
223,226
224,226
225,226
73,227
89,227
91,227
92,227
117,227
119,227
120,227
127,227
129,227
136,227
140,227
141,227
143,227
144,227
145,227
146,227
147,227
148,227
155,227
159,227
160,227
161,227
162,227
164,227
165,227
166,227
167,227
177,227
191,227
197,227
198,227
200,227
217,227
218,227
73,228
89,228
91,228
92,228
116,228
117,228
119,228
120,228
122,228
127,228
129,228
134,228
135,228
136,228
138,228
140,228
141,228
143,228
146,228
148,228
155,228
159,228
160,228
161,228
162,228
166,228
167,228
177,228
183,228
189,228
191,228
200,228
217,228
218,228
227,228
73,229
89,229
91,229
92,229
116,229
117,229
119,229
120,229
122,229
127,229
129,229
134,229
135,229
136,229
138,229
140,229
141,229
143,229
146,229
148,229
155,229
159,229
160,229
161,229
162,229
166,229
167,229
177,229
183,229
189,229
191,229
200,229
217,229
218,229
227,229
228,229
73,230
89,230
91,230
92,230
117,230
119,230
120,230
127,230
129,230
135,230
136,230
140,230
141,230
143,230
146,230
148,230
149,230
155,230
157,230
158,230
159,230
160,230
161,230
162,230
166,230
167,230
177,230
189,230
190,230
191,230
200,230
210,230
217,230
218,230
227,230
228,230
229,230
71,231
73,231
74,231
80,231
97,231
98,231
100,231
117,231
130,231
135,231
136,231
139,231
152,231
155,231
178,231
186,231
187,231
192,231
195,231
196,231
202,231
209,231
213,231
214,231
222,231
223,231
224,231
147,232
167,232
228,232
229,232
90,233
93,233
115,233
118,233
122,233
128,233
130,233
131,233
132,233
137,233
140,233
142,233
144,233
145,233
149,233
157,233
165,233
166,233
168,233
169,233
177,233
179,233
183,233
190,233
191,233
194,233
205,233
208,233
210,233
221,233
225,233
226,233
73,234
84,234
89,234
91,234
92,234
98,234
117,234
118,234
119,234
120,234
127,234
128,234
129,234
136,234
140,234
141,234
143,234
146,234
147,234
148,234
155,234
159,234
160,234
161,234
162,234
166,234
167,234
177,234
191,234
200,234
211,234
213,234
214,234
217,234
218,234
225,234
226,234
227,234
228,234
229,234
230,234
232,234
76,235
98,235
100,235
123,235
124,235
126,235
143,235
150,235
153,235
154,235
156,235
157,235
169,235
180,235
200,235
205,235
209,235
215,235
73,236
89,236
91,236
92,236
100,236
115,236
117,236
119,236
120,236
127,236
129,236
136,236
137,236
140,236
141,236
142,236
143,236
146,236
148,236
155,236
159,236
160,236
161,236
162,236
166,236
167,236
169,236
177,236
191,236
200,236
201,236
207,236
217,236
218,236
227,236
228,236
229,236
230,236
234,236
71,237
80,237
96,237
97,237
98,237
100,237
115,237
118,237
135,237
137,237
139,237
151,237
152,237
155,237
178,237
186,237
187,237
192,237
202,237
209,237
213,237
214,237
222,237
223,237
224,237
231,237
234,237
236,237
73,238
74,238
89,238
91,238
92,238
101,238
117,238
119,238
120,238
125,238
127,238
129,238
136,238
140,238
141,238
143,238
146,238
147,238
148,238
155,238
159,238
160,238
161,238
162,238
166,238
167,238
177,238
186,238
187,238
188,238
191,238
200,238
217,238
218,238
227,238
228,238
229,238
230,238
232,238
234,238
236,238
73,239
89,239
91,239
92,239
93,239
117,239
119,239
120,239
123,239
124,239
127,239
128,239
129,239
136,239
140,239
141,239
143,239
146,239
148,239
150,239
155,239
156,239
159,239
160,239
161,239
162,239
165,239
166,239
167,239
177,239
191,239
200,239
207,239
209,239
217,239
218,239
227,239
228,239
229,239
230,239
234,239
235,239
236,239
238,239
73,240
89,240
91,240
92,240
117,240
119,240
120,240
125,240
127,240
129,240
136,240
140,240
141,240
143,240
146,240
147,240
148,240
155,240
159,240
160,240
161,240
162,240
163,240
166,240
167,240
177,240
191,240
200,240
217,240
218,240
227,240
228,240
229,240
230,240
232,240
234,240
236,240
238,240
239,240
71,241
116,241
135,241
158,241
182,241
194,241
195,241
201,241
208,241
209,241
217,241
218,241
73,242
74,242
80,242
90,242
93,242
101,242
118,242
120,242
122,242
127,242
129,242
130,242
131,242
132,242
136,242
137,242
144,242
145,242
146,242
149,242
151,242
152,242
155,242
163,242
165,242
168,242
169,242
177,242
179,242
183,242
192,242
194,242
195,242
196,242
202,242
210,242
221,242
224,242
225,242
226,242
231,242
233,242
73,243
75,243
89,243
91,243
92,243
114,243
117,243
119,243
120,243
127,243
129,243
136,243
140,243
141,243
143,243
146,243
148,243
154,243
155,243
159,243
160,243
161,243
162,243
165,243
166,243
167,243
177,243
191,243
200,243
201,243
217,243
218,243
227,243
228,243
229,243
230,243
234,243
236,243
238,243
239,243
240,243
91,244
118,244
121,244
123,244
124,244
131,244
132,244
143,244
156,244
164,244
169,244
182,244
190,244
200,244
205,244
209,244
235,244
239,244
75,245
76,245
89,245
98,245
123,245
124,245
126,245
150,245
153,245
154,245
157,245
207,245
208,245
235,245
239,245
244,245
59,246
175,247
71,249
85,249
86,249
87,249
88,249
89,249
126,249
133,249
151,249
207,249
13,250
63,250
13,251
63,251
250,251
13,252
250,252
251,252
14,253
15,253
78,253
14,254
15,254
78,254
253,254
69,255
72,255
84,255
85,255
86,255
87,255
88,255
96,255
101,255
108,255
109,255
110,255
111,255
114,255
138,255
188,255
196,255
206,255
207,255
212,255
213,255
214,255
219,255
249,255
69,256
72,256
85,256
86,256
87,256
88,256
108,256
109,256
147,256
167,256
180,256
206,256
232,256
234,256
238,256
240,256
255,256
102,257
112,257
173,257
102,258
103,258
106,258
107,258
77,259
9,260
10,260
22,260
32,260
38,260
69,260
96,260
101,260
138,260
188,260
196,260
206,260
212,260
255,260
248,261
100,262
108,262
109,262
110,262
114,262
121,262
153,262
154,262
180,262
182,262
207,262
219,262
235,262
244,262
255,262
113,263
75,264
76,264
98,264
108,264
109,264
110,264
139,264
207,264
208,264
219,264
221,264
245,264
255,264
262,264
216,265
71,266
76,266
80,266
97,266
98,266
100,266
135,266
139,266
178,266
186,266
187,266
192,266
202,266
209,266
213,266
214,266
222,266
223,266
224,266
231,266
237,266
245,266
90,267
93,267
118,267
122,267
130,267
131,267
132,267
137,267
143,267
144,267
145,267
165,267
168,267
169,267
179,267
183,267
194,267
210,267
221,267
225,267
226,267
227,267
233,267
242,267
216,268
248,268
216,269
248,269
268,269
76,270
90,270
93,270
118,270
122,270
130,270
131,270
132,270
137,270
144,270
145,270
165,270
168,270
169,270
179,270
183,270
194,270
210,270
221,270
225,270
226,270
232,270
233,270
241,270
242,270
267,270
72,271
85,271
86,271
87,271
88,271
94,271
185,271
256,271
9,272
22,272
116,272
151,272
158,272
195,272
201,272
241,272
260,272
90,273
93,273
116,273
118,273
122,273
130,273
131,273
132,273
137,273
144,273
145,273
156,273
165,273
168,273
169,273
179,273
183,273
194,273
210,273
211,273
219,273
221,273
225,273
226,273
233,273
242,273
267,273
270,273
108,274
109,274
110,274
111,274
185,274
255,274
96,275
151,275
181,275
185,275
274,275
96,276
151,276
181,276
185,276
274,276
275,276
76,277
94,277
98,277
100,277
111,277
153,277
154,277
180,277
181,277
182,277
235,277
247,277
249,277
262,277
84,278
114,278
121,278
152,278
153,278
154,278
156,278
163,278
182,278
199,278
205,278
206,278
220,278
69,279
71,279
72,279
85,279
86,279
87,279
88,279
96,279
101,279
108,279
109,279
110,279
111,279
114,279
138,279
185,279
188,279
196,279
206,279
212,279
249,279
255,279
256,279
260,279
262,279
274,279
76,280
121,280
123,280
124,280
215,280
235,280
90,281
93,281
98,281
118,281
122,281
123,281
124,281
125,281
126,281
130,281
131,281
132,281
137,281
144,281
145,281
150,281
153,281
154,281
163,281
165,281
168,281
169,281
179,281
183,281
194,281
205,281
210,281
221,281
225,281
226,281
233,281
235,281
239,281
240,281
242,281
244,281
245,281
267,281
270,281
273,281
278,281
84,282
114,282
118,282
127,282
139,282
143,282
152,282
153,282
154,282
156,282
159,282
160,282
161,282
162,282
163,282
169,282
199,282
205,282
220,282
237,282
244,282
278,282
84,283
114,283
118,283
127,283
139,283
143,283
152,283
153,283
154,283
156,283
159,283
160,283
161,283
162,283
163,283
169,283
199,283
205,283
220,283
237,283
244,283
278,283
282,283
69,284
96,284
101,284
138,284
188,284
196,284
206,284
212,284
255,284
260,284
279,284
76,285
123,285
124,285
215,285
235,285
280,285
72,286
75,286
76,286
84,286
85,286
86,286
87,286
88,286
97,286
100,286
153,286
154,286
177,286
179,286
180,286
207,286
211,286
213,286
214,286
225,286
226,286
234,286
235,286
245,286
262,286
264,286
272,286
277,286
92,287
99,287
108,287
109,287
110,287
131,287
132,287
143,287
148,287
168,287
169,287
172,287
175,287
193,287
201,287
207,287
219,287
255,287
262,287
264,287
69,288
72,288
73,288
74,288
85,288
86,288
87,288
88,288
96,288
101,288
108,288
109,288
110,288
111,288
129,288
130,288
136,288
138,288
149,288
151,288
152,288
155,288
163,288
188,288
192,288
195,288
196,288
202,288
206,288
207,288
212,288
215,288
219,288
224,288
231,288
242,288
255,288
256,288
260,288
262,288
264,288
274,288
279,288
284,288
287,288
4,289
5,289
6,289
69,289
74,289
91,289
96,289
101,289
131,289
132,289
134,289
138,289
164,289
188,289
190,289
196,289
206,289
212,289
244,289
255,289
260,289
279,289
284,289
288,289
90,290
93,290
118,290
122,290
127,290
130,290
131,290
132,290
137,290
144,290
145,290
146,290
159,290
160,290
161,290
162,290
165,290
168,290
169,290
177,290
179,290
183,290
194,290
195,290
196,290
202,290
210,290
221,290
224,290
225,290
226,290
232,290
233,290
240,290
242,290
267,290
270,290
273,290
281,290
91,291
108,291
109,291
110,291
131,291
132,291
149,291
164,291
168,291
172,291
175,291
189,291
190,291
193,291
195,291
201,291
207,291
219,291
244,291
255,291
262,291
264,291
287,291
288,291
289,291
91,292
108,292
109,292
110,292
131,292
132,292
149,292
164,292
168,292
172,292
175,292
189,292
190,292
193,292
195,292
201,292
207,292
219,292
244,292
255,292
262,292
264,292
287,292
288,292
289,292
291,292
69,293
96,293
101,293
123,293
124,293
138,293
175,293
188,293
194,293
196,293
206,293
209,293
212,293
241,293
247,293
255,293
260,293
279,293
284,293
288,293
289,293
69,294
72,294
76,294
85,294
86,294
87,294
88,294
108,294
109,294
172,294
180,294
203,294
204,294
206,294
255,294
256,294
279,294
288,294
84,295
91,295
114,295
131,295
132,295
139,295
152,295
153,295
154,295
156,295
163,295
164,295
172,295
190,295
199,295
205,295
220,295
227,295
230,295
236,295
244,295
278,295
282,295
283,295
289,295
291,295
292,295
76,296
179,296
270,296
9,297
22,297
27,297
72,297
76,297
80,297
151,297
179,297
245,297
260,297
266,297
270,297
272,297
278,297
296,297
72,298
76,298
80,298
151,298
179,298
270,298
278,298
296,298
297,298
69,299
74,299
96,299
98,299
101,299
125,299
130,299
135,299
136,299
138,299
188,299
196,299
206,299
208,299
212,299
255,299
260,299
279,299
284,299
288,299
289,299
293,299
108,300
109,300
203,300
204,300
207,300
296,300
298,300
9,301
22,301
76,301
108,301
109,301
245,301
260,301
266,301
272,301
297,301
300,301
99,302
115,302
126,302
128,302
133,302
142,302
147,302
149,302
150,302
157,302
164,302
184,302
189,302
190,302
197,302
198,302
89,303
201,303
296,303
298,303
300,303
301,303
69,304
73,304
96,304
97,304
101,304
138,304
144,304
145,304
148,304
149,304
180,304
188,304
196,304
206,304
212,304
222,304
223,304
224,304
225,304
226,304
255,304
260,304
279,304
284,304
288,304
289,304
293,304
299,304
69,305
96,305
101,305
138,305
151,305
184,305
188,305
196,305
206,305
207,305
212,305
213,305
214,305
215,305
255,305
260,305
279,305
284,305
288,305
289,305
293,305
299,305
302,305
304,305
116,306
121,306
153,306
172,306
175,306
182,306
193,306
219,306
220,306
222,306
223,306
224,306
226,306
278,306
287,306
291,306
292,306
304,306
77,307
175,307
215,307
219,307
279,307
287,307
291,307
292,307
