1,2
1,3
2,3
1,4
2,4
3,4
1,5
2,5
3,5
4,5
1,6
2,6
3,6
4,6
5,6
9,10
9,11
10,11
9,12
10,12
11,12
13,14
13,15
14,15
16,17
16,18
17,18
17,19
18,19
16,20
17,20
18,20
19,20
16,21
17,21
18,21
19,21
20,21
16,22
17,22
18,22
19,22
20,22
21,22
16,23
17,23
18,23
19,23
20,23
21,23
22,23
16,24
17,24
18,24
19,24
20,24
21,24
22,24
23,24
14,25
15,25
17,25
18,25
19,25
20,25
21,25
22,25
23,25
24,25
13,26
14,26
15,26
25,26
13,27
14,27
15,27
25,27
26,27
9,28
10,28
11,28
12,28
14,28
15,28
17,28
18,28
19,28
20,28
21,28
22,28
25,28
26,28
27,28
7,30
29,30
16,31
17,31
18,31
19,31
20,31
21,31
22,31
23,31
24,31
25,31
14,32
15,32
25,32
26,32
27,32
25,33
32,33
34,35
34,36
35,36
17,37
18,37
19,37
20,37
21,37
22,37
28,37
17,38
18,38
19,38
20,38
21,38
22,38
28,38
37,38
17,39
34,40
35,40
36,40
8,41
8,42
41,42
8,43
41,43
42,43
16,44
23,44
24,44
31,44
8,45
41,45
42,45
43,45
8,46
40,46
41,46
42,46
43,46
45,46
8,47
41,47
42,47
43,47
45,47
46,47
8,48
40,48
41,48
42,48
43,48
45,48
46,48
47,48
34,49
35,49
36,49
40,49
46,49
48,49
18,50
19,50
20,50
21,50
22,50
39,50
8,51
14,51
27,51
32,51
40,51
41,51
42,51
43,51
45,51
46,51
47,51
48,51
49,51
8,52
41,52
42,52
47,52
51,52
34,53
35,53
36,53
40,53
49,53
52,53
34,54
35,54
36,54
40,54
49,54
51,54
53,54
34,55
35,55
36,55
40,55
49,55
51,55
53,55
54,55
25,56
34,56
35,56
36,56
40,56
49,56
52,56
53,56
54,56
55,56
16,57
18,57
19,57
20,57
21,57
22,57
31,57
50,57
34,58
35,58
36,58
40,58
41,58
42,58
45,58
46,58
47,58
48,58
49,58
53,58
54,58
55,58
56,58
8,59
40,59
41,59
42,59
43,59
45,59
46,59
47,59
48,59
49,59
51,59
52,59
53,59
56,59
58,59
34,60
35,60
36,60
40,60
41,60
42,60
45,60
46,60
47,60
48,60
49,60
52,60
53,60
54,60
55,60
56,60
58,60
8,61
41,61
42,61
43,61
45,61
46,61
47,61
48,61
51,61
58,61
59,61
60,61
34,62
35,62
36,62
40,62
41,62
42,62
45,62
46,62
47,62
48,62
49,62
53,62
54,62
55,62
56,62
58,62
59,62
60,62
61,62
8,63
25,63
41,63
42,63
43,63
45,63
46,63
47,63
48,63
51,63
52,63
53,63
56,63
58,63
59,63
61,63
62,63
8,64
25,64
34,64
35,64
36,64
40,64
49,64
52,64
53,64
54,64
55,64
56,64
58,64
59,64
60,64
62,64
34,65
35,65
36,65
40,65
49,65
51,65
52,65
53,65
54,65
55,65
56,65
58,65
60,65
62,65
64,65
41,66
42,66
45,66
47,66
48,66
52,66
58,66
60,66
61,66
62,66
8,67
40,67
41,67
42,67
43,67
45,67
46,67
47,67
48,67
49,67
51,67
58,67
59,67
60,67
61,67
62,67
63,67
34,68
35,68
36,68
40,68
43,68
46,68
49,68
53,68
54,68
55,68
56,68
58,68
60,68
62,68
64,68
65,68
67,68
8,70
40,70
41,70
42,70
49,70
51,70
52,70
54,70
55,70
63,70
65,70
14,71
15,71
16,71
23,71
24,71
27,71
31,71
44,71
16,72
23,72
24,72
31,72
44,72
71,72
41,73
42,73
45,73
47,73
48,73
52,73
58,73
60,73
61,73
62,73
65,73
66,73
74,75
74,76
75,76
14,77
15,77
16,77
23,77
24,77
27,77
31,77
44,77
71,77
72,77
16,78
17,78
18,78
19,78
20,78
21,78
22,78
23,78
24,78
28,78
31,78
37,78
38,78
44,78
71,78
72,78
77,78
79,82
40,83
46,83
48,83
49,83
58,83
59,83
62,83
67,83
81,83
18,84
19,84
20,84
21,84
22,84
50,84
57,84
80,84
81,84
17,85
18,85
19,85
20,85
21,85
22,85
23,85
24,85
31,85
49,85
77,85
78,85
81,85
84,85
46,86
48,86
49,86
58,86
62,86
67,86
81,86
83,86
84,86
85,86
46,87
48,87
49,87
58,87
62,87
67,87
81,87
83,87
84,87
85,87
86,87
46,88
48,88
49,88
58,88
62,88
67,88
81,88
83,88
84,88
85,88
86,88
87,88
43,89
46,89
67,89
68,89
49,90
70,90
80,90
84,90
86,90
87,90
88,90
40,91
49,91
51,91
54,91
55,91
65,91
70,91
89,91
90,91
40,92
46,92
48,92
49,92
51,92
54,92
55,92
58,92
59,92
62,92
65,92
67,92
70,92
81,92
83,92
84,92
86,92
87,92
88,92
90,92
91,92
8,93
40,93
43,93
46,93
48,93
49,93
58,93
59,93
62,93
67,93
68,93
83,93
84,93
89,93
92,93
40,94
46,94
48,94
49,94
58,94
59,94
62,94
67,94
83,94
92,94
93,94
40,95
46,95
48,95
49,95
58,95
59,95
62,95
67,95
83,95
92,95
93,95
94,95
40,96
46,96
48,96
49,96
51,96
54,96
55,96
58,96
59,96
62,96
65,96
67,96
70,96
81,96
83,96
84,96
90,96
91,96
92,96
93,96
94,96
95,96
40,97
46,97
48,97
49,97
51,97
54,97
55,97
58,97
59,97
62,97
65,97
67,97
70,97
81,97
83,97
91,97
92,97
93,97
94,97
95,97
96,97
40,98
41,98
42,98
45,98
46,98
47,98
48,98
49,98
58,98
59,98
60,98
61,98
62,98
66,98
67,98
73,98
83,98
84,98
90,98
91,98
92,98
93,98
94,98
95,98
96,98
97,98
8,99
10,99
40,99
43,99
46,99
48,99
49,99
58,99
59,99
62,99
67,99
68,99
81,99
83,99
84,99
90,99
91,99
92,99
93,99
94,99
95,99
96,99
97,99
98,99
40,100
46,100
48,100
49,100
51,100
54,100
55,100
58,100
59,100
62,100
65,100
67,100
70,100
83,100
90,100
91,100
92,100
93,100
94,100
95,100
96,100
97,100
98,100
99,100
8,101
40,101
43,101
46,101
48,101
49,101
58,101
59,101
62,101
67,101
68,101
81,101
83,101
84,101
90,101
91,101
92,101
93,101
94,101
95,101
96,101
97,101
98,101
99,101
100,101
49,104
70,104
74,104
90,104
91,104
92,104
96,104
100,104
103,104
49,105
70,105
74,105
90,105
91,105
92,105
96,105
100,105
103,105
104,105
8,106
40,106
43,106
46,106
48,106
49,106
58,106
59,106
62,106
67,106
68,106
81,106
83,106
86,106
87,106
88,106
90,106
92,106
93,106
94,106
95,106
96,106
97,106
98,106
99,106
100,106
101,106
8,107
40,107
43,107
46,107
48,107
49,107
58,107
59,107
62,107
67,107
68,107
83,107
86,107
87,107
88,107
90,107
92,107
93,107
94,107
95,107
96,107
97,107
98,107
99,107
100,107
101,107
106,107
86,108
87,108
88,108
90,108
92,108
106,108
107,108
79,109
82,109
103,109
104,109
105,109
49,110
70,110
79,110
81,110
82,110
83,110
84,110
89,110
90,110
91,110
92,110
93,110
96,110
98,110
100,110
102,110
104,110
105,110
109,110
8,111
40,111
43,111
46,111
48,111
49,111
58,111
59,111
62,111
67,111
68,111
83,111
86,111
87,111
88,111
90,111
92,111
93,111
94,111
95,111
96,111
97,111
98,111
99,111
100,111
101,111
106,111
107,111
108,111
8,112
40,112
43,112
46,112
48,112
49,112
58,112
59,112
62,112
67,112
68,112
81,112
83,112
92,112
93,112
94,112
95,112
96,112
97,112
98,112
99,112
100,112
101,112
106,112
107,112
111,112
8,113
40,113
43,113
46,113
48,113
49,113
58,113
59,113
62,113
67,113
68,113
83,113
86,113
87,113
88,113
90,113
92,113
93,113
94,113
95,113
96,113
97,113
98,113
99,113
100,113
101,113
106,113
107,113
108,113
111,113
112,113
8,114
40,114
43,114
46,114
48,114
49,114
58,114
59,114
62,114
67,114
68,114
83,114
84,114
86,114
87,114
88,114
90,114
92,114
93,114
94,114
95,114
96,114
97,114
98,114
99,114
100,114
101,114
106,114
107,114
108,114
111,114
112,114
113,114
8,115
40,115
43,115
46,115
48,115
49,115
58,115
59,115
62,115
67,115
68,115
81,115
83,115
86,115
87,115
88,115
90,115
92,115
93,115
94,115
95,115
96,115
97,115
98,115
99,115
100,115
101,115
106,115
107,115
108,115
111,115
112,115
113,115
114,115
46,116
48,116
49,116
58,116
62,116
67,116
70,116
80,116
81,116
83,116
84,116
85,116
86,116
87,116
88,116
90,116
91,116
92,116
96,116
100,116
104,116
105,116
106,116
110,116
114,116
8,117
40,117
43,117
46,117
48,117
49,117
58,117
59,117
62,117
67,117
68,117
83,117
86,117
87,117
88,117
90,117
91,117
92,117
93,117
94,117
95,117
96,117
97,117
98,117
99,117
100,117
101,117
106,117
107,117
108,117
111,117
112,117
113,117
114,117
115,117
8,118
18,118
19,118
20,118
21,118
22,118
40,118
43,118
46,118
48,118
49,118
50,118
57,118
58,118
59,118
62,118
67,118
83,118
84,118
92,118
93,118
94,118
95,118
96,118
97,118
98,118
99,118
100,118
101,118
106,118
107,118
111,118
112,118
113,118
114,118
115,118
117,118
8,119
18,119
19,119
20,119
21,119
22,119
40,119
43,119
46,119
48,119
49,119
50,119
57,119
58,119
59,119
62,119
67,119
83,119
84,119
92,119
93,119
94,119
95,119
96,119
97,119
98,119
99,119
100,119
101,119
106,119
107,119
111,119
112,119
113,119
114,119
115,119
117,119
118,119
66,120
73,120
80,120
89,120
91,120
93,120
97,120
98,120
110,120
111,120
112,120
8,121
40,121
43,121
46,121
48,121
49,121
58,121
59,121
62,121
67,121
68,121
83,121
84,121
91,121
92,121
93,121
94,121
95,121
96,121
97,121
98,121
99,121
100,121
101,121
106,121
107,121
111,121
112,121
113,121
114,121
115,121
117,121
118,121
119,121
120,121
40,122
41,122
42,122
45,122
46,122
47,122
48,122
49,122
58,122
59,122
60,122
61,122
62,122
66,122
67,122
73,122
83,122
84,122
91,122
92,122
93,122
94,122
95,122
96,122
97,122
98,122
99,122
100,122
101,122
106,122
107,122
110,122
111,122
112,122
113,122
114,122
115,122
117,122
118,122
119,122
120,122
121,122
73,123
111,123
118,123
119,123
120,123
40,124
41,124
42,124
45,124
46,124
47,124
48,124
49,124
58,124
59,124
60,124
61,124
62,124
66,124
67,124
73,124
83,124
84,124
91,124
92,124
93,124
94,124
95,124
96,124
97,124
98,124
99,124
100,124
101,124
106,124
107,124
110,124
111,124
112,124
113,124
114,124
115,124
117,124
118,124
119,124
120,124
121,124
122,124
8,125
18,125
19,125
20,125
21,125
22,125
40,125
43,125
46,125
48,125
49,125
50,125
57,125
58,125
59,125
62,125
67,125
68,125
81,125
83,125
84,125
92,125
93,125
94,125
95,125
96,125
97,125
98,125
99,125
100,125
101,125
106,125
107,125
110,125
111,125
112,125
113,125
114,125
115,125
117,125
118,125
119,125
121,125
122,125
124,125
8,126
40,126
43,126
46,126
48,126
49,126
58,126
59,126
62,126
67,126
68,126
81,126
83,126
92,126
93,126
94,126
95,126
96,126
97,126
98,126
99,126
100,126
101,126
106,126
107,126
110,126
111,126
112,126
113,126
114,126
115,126
116,126
117,126
118,126
119,126
121,126
122,126
124,126
125,126
8,127
40,127
43,127
46,127
48,127
49,127
58,127
59,127
62,127
67,127
68,127
81,127
83,127
84,127
86,127
87,127
88,127
90,127
92,127
93,127
94,127
95,127
96,127
97,127
98,127
99,127
100,127
101,127
106,127
107,127
108,127
110,127
111,127
112,127
113,127
114,127
115,127
116,127
117,127
118,127
119,127
121,127
122,127
124,127
125,127
126,127
18,128
19,128
20,128
21,128
22,128
49,128
50,128
57,128
70,128
81,128
84,128
90,128
91,128
92,128
93,128
96,128
98,128
99,128
100,128
104,128
105,128
110,128
114,128
116,128
117,128
118,128
119,128
120,128
121,128
122,128
124,128
125,128
127,128
8,129
40,129
43,129
46,129
48,129
49,129
58,129
59,129
62,129
67,129
68,129
81,129
83,129
84,129
90,129
92,129
93,129
94,129
95,129
96,129
97,129
98,129
99,129
100,129
101,129
106,129
107,129
110,129
111,129
112,129
113,129
114,129
115,129
117,129
118,129
119,129
121,129
122,129
124,129
125,129
126,129
127,129
128,129
10,130
40,130
46,130
48,130
49,130
51,130
54,130
55,130
58,130
59,130
62,130
65,130
67,130
70,130
83,130
84,130
90,130
91,130
92,130
93,130
94,130
95,130
96,130
97,130
98,130
99,130
100,130
101,130
104,130
105,130
106,130
107,130
110,130
111,130
112,130
113,130
114,130
115,130
116,130
117,130
118,130
119,130
121,130
122,130
124,130
125,130
126,130
127,130
128,130
129,130
40,131
46,131
48,131
49,131
51,131
54,131
55,131
58,131
59,131
62,131
65,131
67,131
70,131
83,131
91,131
92,131
93,131
94,131
95,131
96,131
97,131
98,131
99,131
100,131
101,131
106,131
107,131
111,131
112,131
113,131
114,131
115,131
117,131
118,131
119,131
120,131
121,131
122,131
124,131
125,131
126,131
127,131
129,131
130,131
40,132
46,132
48,132
49,132
51,132
54,132
55,132
58,132
59,132
62,132
65,132
67,132
70,132
83,132
91,132
92,132
93,132
94,132
95,132
96,132
97,132
98,132
99,132
100,132
101,132
106,132
107,132
111,132
112,132
113,132
114,132
115,132
117,132
118,132
119,132
120,132
121,132
122,132
124,132
125,132
126,132
127,132
129,132
130,132
131,132
40,133
46,133
48,133
49,133
51,133
54,133
55,133
58,133
59,133
62,133
65,133
67,133
70,133
83,133
86,133
87,133
88,133
90,133
91,133
92,133
93,133
94,133
95,133
96,133
97,133
98,133
99,133
100,133
101,133
104,133
105,133
106,133
107,133
108,133
110,133
111,133
112,133
113,133
114,133
115,133
116,133
117,133
118,133
119,133
121,133
122,133
124,133
125,133
126,133
127,133
128,133
129,133
130,133
131,133
132,133
8,134
40,134
43,134
46,134
48,134
49,134
58,134
59,134
62,134
67,134
68,134
83,134
91,134
92,134
93,134
94,134
95,134
96,134
97,134
98,134
99,134
100,134
101,134
106,134
107,134
111,134
112,134
113,134
114,134
115,134
116,134
117,134
118,134
119,134
121,134
122,134
124,134
125,134
126,134
127,134
129,134
130,134
131,134
132,134
133,134
40,135
49,135
51,135
54,135
55,135
65,135
70,135
84,135
86,135
87,135
88,135
89,135
90,135
91,135
92,135
93,135
96,135
97,135
98,135
100,135
101,135
104,135
105,135
106,135
107,135
108,135
110,135
111,135
113,135
114,135
115,135
116,135
117,135
120,135
122,135
124,135
125,135
127,135
128,135
130,135
131,135
132,135
133,135
134,135
8,136
40,136
43,136
46,136
48,136
49,136
58,136
59,136
62,136
67,136
68,136
83,136
85,136
86,136
87,136
88,136
90,136
92,136
93,136
94,136
95,136
96,136
97,136
98,136
99,136
100,136
101,136
106,136
107,136
108,136
111,136
112,136
113,136
114,136
115,136
116,136
117,136
118,136
119,136
121,136
122,136
124,136
125,136
126,136
127,136
129,136
130,136
131,136
132,136
133,136
134,136
135,136
8,137
40,137
43,137
46,137
48,137
49,137
58,137
59,137
62,137
67,137
68,137
83,137
86,137
87,137
88,137
92,137
93,137
94,137
95,137
96,137
97,137
98,137
99,137
100,137
101,137
106,137
107,137
108,137
111,137
112,137
113,137
114,137
115,137
116,137
117,137
118,137
119,137
121,137
122,137
124,137
125,137
126,137
127,137
129,137
130,137
131,137
132,137
133,137
134,137
136,137
8,138
40,138
43,138
46,138
48,138
49,138
58,138
59,138
62,138
67,138
68,138
81,138
83,138
92,138
93,138
94,138
95,138
96,138
97,138
98,138
99,138
100,138
101,138
106,138
107,138
111,138
112,138
113,138
114,138
115,138
117,138
118,138
119,138
121,138
122,138
124,138
125,138
126,138
127,138
129,138
130,138
131,138
132,138
133,138
134,138
136,138
137,138
8,139
40,139
43,139
46,139
48,139
49,139
58,139
59,139
62,139
67,139
68,139
80,139
81,139
83,139
90,139
92,139
93,139
94,139
95,139
96,139
97,139
98,139
99,139
100,139
101,139
106,139
107,139
111,139
112,139
113,139
114,139
115,139
116,139
117,139
118,139
119,139
121,139
122,139
124,139
125,139
126,139
127,139
128,139
129,139
130,139
131,139
132,139
133,139
134,139
136,139
137,139
138,139
8,140
40,140
43,140
46,140
48,140
49,140
58,140
59,140
62,140
67,140
68,140
81,140
83,140
92,140
93,140
94,140
95,140
96,140
97,140
98,140
99,140
100,140
101,140
106,140
107,140
111,140
112,140
113,140
114,140
115,140
116,140
117,140
118,140
119,140
121,140
122,140
124,140
125,140
126,140
127,140
129,140
130,140
131,140
132,140
133,140
134,140
136,140
137,140
138,140
139,140
18,141
19,141
20,141
21,141
22,141
40,141
46,141
48,141
49,141
50,141
51,141
54,141
55,141
57,141
58,141
59,141
62,141
65,141
67,141
70,141
81,141
83,141
84,141
90,141
91,141
92,141
93,141
94,141
95,141
96,141
97,141
98,141
99,141
100,141
101,141
104,141
105,141
106,141
107,141
110,141
111,141
112,141
113,141
114,141
115,141
116,141
117,141
118,141
119,141
121,141
122,141
124,141
125,141
126,141
127,141
128,141
129,141
130,141
131,141
132,141
133,141
134,141
135,141
136,141
137,141
138,141
139,141
140,141
8,142
43,142
46,142
67,142
68,142
73,142
89,142
91,142
93,142
99,142
100,142
101,142
106,142
107,142
110,142
111,142
112,142
113,142
114,142
115,142
117,142
118,142
119,142
120,142
121,142
122,142
123,142
124,142
125,142
126,142
127,142
129,142
134,142
135,142
136,142
137,142
138,142
139,142
140,142
8,143
40,143
43,143
46,143
48,143
49,143
58,143
59,143
62,143
67,143
68,143
83,143
90,143
92,143
93,143
94,143
95,143
96,143
97,143
98,143
99,143
100,143
101,143
106,143
107,143
108,143
111,143
112,143
113,143
114,143
115,143
117,143
118,143
119,143
120,143
121,143
122,143
124,143
125,143
126,143
127,143
129,143
130,143
131,143
132,143
133,143
134,143
135,143
136,143
137,143
138,143
139,143
140,143
141,143
142,143
18,144
19,144
20,144
21,144
22,144
50,144
57,144
81,144
84,144
89,144
93,144
99,144
101,144
106,144
107,144
110,144
111,144
112,144
113,144
114,144
115,144
117,144
118,144
119,144
121,144
125,144
126,144
127,144
128,144
129,144
134,144
135,144
136,144
137,144
138,144
139,144
140,144
141,144
142,144
143,144
18,145
19,145
20,145
21,145
22,145
50,145
57,145
81,145
84,145
89,145
93,145
99,145
101,145
106,145
107,145
110,145
111,145
112,145
113,145
114,145
115,145
117,145
118,145
119,145
121,145
125,145
126,145
127,145
128,145
129,145
134,145
135,145
136,145
137,145
138,145
139,145
140,145
141,145
142,145
143,145
144,145
8,146
40,146
43,146
46,146
48,146
49,146
58,146
59,146
62,146
67,146
68,146
83,146
86,146
87,146
88,146
92,146
93,146
94,146
95,146
96,146
97,146
98,146
99,146
100,146
101,146
106,146
107,146
108,146
111,146
112,146
113,146
114,146
115,146
117,146
118,146
119,146
121,146
122,146
124,146
125,146
126,146
127,146
129,146
130,146
131,146
132,146
133,146
134,146
135,146
136,146
137,146
138,146
139,146
140,146
141,146
142,146
143,146
144,146
145,146
17,147
18,147
19,147
20,147
21,147
22,147
25,147
40,147
46,147
48,147
49,147
50,147
51,147
54,147
55,147
57,147
58,147
59,147
62,147
65,147
67,147
70,147
83,147
84,147
90,147
91,147
92,147
93,147
94,147
95,147
96,147
97,147
98,147
99,147
100,147
101,147
104,147
105,147
106,147
107,147
110,147
111,147
112,147
113,147
114,147
115,147
116,147
117,147
118,147
119,147
121,147
122,147
124,147
125,147
126,147
127,147
128,147
129,147
130,147
131,147
132,147
133,147
134,147
135,147
136,147
137,147
138,147
139,147
140,147
141,147
143,147
144,147
145,147
146,147
8,148
40,148
43,148
46,148
48,148
49,148
58,148
59,148
62,148
67,148
68,148
80,148
83,148
91,148
92,148
93,148
94,148
95,148
96,148
97,148
98,148
99,148
100,148
101,148
106,148
107,148
110,148
111,148
112,148
113,148
114,148
115,148
117,148
118,148
119,148
120,148
121,148
122,148
124,148
125,148
126,148
127,148
129,148
130,148
131,148
132,148
133,148
134,148
136,148
137,148
138,148
139,148
140,148
141,148
142,148
143,148
144,148
145,148
146,148
147,148
8,149
40,149
43,149
46,149
48,149
49,149
58,149
59,149
62,149
67,149
68,149
83,149
86,149
87,149
88,149
92,149
93,149
94,149
95,149
96,149
97,149
98,149
99,149
100,149
101,149
106,149
107,149
110,149
111,149
112,149
113,149
114,149
115,149
117,149
118,149
119,149
120,149
121,149
122,149
124,149
125,149
126,149
127,149
129,149
130,149
131,149
132,149
133,149
134,149
136,149
137,149
138,149
139,149
140,149
141,149
142,149
143,149
144,149
145,149
146,149
147,149
148,149
49,150
70,150
80,150
81,150
84,150
89,150
90,150
91,150
92,150
93,150
96,150
100,150
104,150
105,150
106,150
110,150
112,150
116,150
120,150
121,150
128,150
130,150
133,150
135,150
141,150
142,150
143,150
147,150
8,151
43,151
46,151
67,151
68,151
89,151
90,151
91,151
93,151
99,151
101,151
106,151
107,151
111,151
112,151
113,151
114,151
115,151
116,151
117,151
118,151
119,151
120,151
121,151
125,151
126,151
127,151
129,151
131,151
132,151
134,151
135,151
136,151
137,151
138,151
139,151
140,151
141,151
142,151
143,151
144,151
145,151
146,151
148,151
149,151
150,151
8,152
40,152
43,152
46,152
48,152
49,152
58,152
59,152
62,152
67,152
68,152
83,152
86,152
87,152
88,152
90,152
92,152
93,152
94,152
95,152
96,152
97,152
98,152
99,152
100,152
101,152
106,152
107,152
108,152
111,152
112,152
113,152
114,152
115,152
117,152
118,152
119,152
121,152
122,152
124,152
125,152
126,152
127,152
129,152
130,152
131,152
132,152
133,152
134,152
135,152
136,152
137,152
138,152
139,152
140,152
141,152
142,152
143,152
144,152
145,152
146,152
147,152
148,152
149,152
151,152
40,153
46,153
48,153
49,153
51,153
54,153
55,153
58,153
59,153
62,153
65,153
67,153
70,153
83,153
84,153
90,153
91,153
92,153
93,153
94,153
95,153
96,153
97,153
98,153
99,153
100,153
101,153
104,153
105,153
106,153
107,153
110,153
111,153
112,153
113,153
114,153
115,153
116,153
117,153
118,153
119,153
121,153
122,153
124,153
125,153
126,153
127,153
128,153
129,153
130,153
131,153
132,153
133,153
134,153
135,153
136,153
137,153
138,153
139,153
140,153
141,153
143,153
146,153
147,153
148,153
149,153
150,153
151,153
152,153
8,154
40,154
43,154
46,154
48,154
49,154
58,154
59,154
62,154
67,154
68,154
83,154
90,154
92,154
93,154
94,154
95,154
96,154
97,154
98,154
99,154
100,154
101,154
106,154
107,154
111,154
112,154
113,154
114,154
115,154
117,154
118,154
119,154
121,154
122,154
124,154
125,154
126,154
127,154
128,154
129,154
130,154
131,154
132,154
133,154
134,154
135,154
136,154
137,154
138,154
139,154
140,154
141,154
142,154
143,154
144,154
145,154
146,154
147,154
148,154
149,154
151,154
152,154
153,154
8,155
43,155
46,155
67,155
68,155
81,155
84,155
89,155
90,155
91,155
92,155
93,155
96,155
98,155
99,155
101,155
106,155
107,155
111,155
112,155
113,155
114,155
115,155
117,155
118,155
119,155
121,155
122,155
124,155
125,155
126,155
127,155
128,155
129,155
134,155
135,155
136,155
137,155
138,155
139,155
140,155
142,155
143,155
144,155
145,155
146,155
148,155
149,155
150,155
151,155
152,155
153,155
154,155
49,156
70,156
80,156
81,156
84,156
85,156
86,156
87,156
88,156
90,156
91,156
92,156
96,156
97,156
99,156
100,156
104,156
105,156
110,156
113,156
115,156
116,156
117,156
121,156
126,156
128,156
129,156
130,156
133,156
135,156
139,156
140,156
141,156
147,156
148,156
150,156
153,156
66,157
73,157
81,157
83,157
84,157
85,157
86,157
87,157
88,157
96,157
98,157
107,157
110,157
111,157
113,157
116,157
120,157
122,157
124,157
127,157
129,157
130,157
133,157
134,157
146,157
147,157
150,157
154,157
156,157
8,158
10,158
40,158
43,158
46,158
48,158
49,158
58,158
59,158
62,158
67,158
68,158
83,158
84,158
92,158
93,158
94,158
95,158
96,158
97,158
98,158
99,158
100,158
101,158
106,158
107,158
111,158
112,158
113,158
114,158
115,158
116,158
117,158
118,158
119,158
121,158
122,158
124,158
125,158
126,158
127,158
128,158
129,158
130,158
131,158
132,158
133,158
134,158
136,158
137,158
138,158
139,158
140,158
141,158
142,158
143,158
144,158
145,158
146,158
147,158
148,158
149,158
150,158
151,158
152,158
153,158
154,158
155,158
40,159
46,159
48,159
49,159
51,159
54,159
55,159
58,159
59,159
62,159
65,159
67,159
70,159
81,159
83,159
84,159
86,159
87,159
88,159
90,159
91,159
92,159
93,159
94,159
95,159
96,159
97,159
98,159
99,159
100,159
101,159
104,159
105,159
106,159
107,159
108,159
110,159
111,159
112,159
113,159
114,159
115,159
116,159
117,159
118,159
119,159
121,159
122,159
124,159
125,159
126,159
127,159
128,159
129,159
130,159
131,159
132,159
133,159
134,159
135,159
136,159
137,159
138,159
139,159
140,159
141,159
143,159
146,159
147,159
148,159
149,159
150,159
152,159
153,159
154,159
155,159
156,159
158,159
40,160
46,160
48,160
49,160
51,160
54,160
55,160
58,160
59,160
62,160
65,160
67,160
70,160
81,160
83,160
84,160
86,160
87,160
88,160
90,160
91,160
92,160
93,160
94,160
95,160
96,160
97,160
98,160
99,160
100,160
101,160
104,160
105,160
106,160
107,160
108,160
110,160
111,160
112,160
113,160
114,160
115,160
116,160
117,160
118,160
119,160
121,160
122,160
124,160
125,160
126,160
127,160
128,160
129,160
130,160
131,160
132,160
133,160
134,160
135,160
136,160
137,160
138,160
139,160
140,160
141,160
143,160
146,160
147,160
148,160
149,160
150,160
152,160
153,160
154,160
155,160
156,160
158,160
159,160
9,161
11,161
12,161
49,161
70,161
80,161
81,161
84,161
85,161
86,161
87,161
88,161
90,161
91,161
92,161
96,161
100,161
104,161
105,161
106,161
110,161
112,161
116,161
128,161
130,161
133,161
135,161
140,161
141,161
147,161
150,161
153,161
156,161
157,161
159,161
160,161
9,162
11,162
12,162
49,162
70,162
80,162
81,162
84,162
85,162
86,162
87,162
88,162
90,162
91,162
92,162
96,162
100,162
104,162
105,162
106,162
110,162
112,162
116,162
128,162
130,162
133,162
135,162
140,162
141,162
147,162
150,162
153,162
156,162
157,162
159,162
160,162
161,162
40,163
41,163
42,163
45,163
46,163
47,163
48,163
49,163
58,163
59,163
60,163
61,163
62,163
66,163
67,163
73,163
83,163
84,163
86,163
87,163
88,163
89,163
91,163
92,163
93,163
94,163
95,163
96,163
97,163
98,163
99,163
100,163
101,163
106,163
107,163
110,163
111,163
112,163
113,163
114,163
115,163
116,163
117,163
118,163
119,163
120,163
121,163
122,163
124,163
125,163
126,163
127,163
128,163
129,163
130,163
131,163
132,163
133,163
134,163
136,163
137,163
138,163
139,163
140,163
141,163
142,163
143,163
144,163
145,163
146,163
147,163
148,163
149,163
152,163
153,163
154,163
156,163
157,163
158,163
159,163
160,163
8,164
40,164
43,164
46,164
48,164
49,164
58,164
59,164
62,164
67,164
68,164
81,164
83,164
84,164
92,164
93,164
94,164
95,164
96,164
97,164
98,164
99,164
100,164
101,164
106,164
107,164
111,164
112,164
113,164
114,164
115,164
116,164
117,164
118,164
119,164
121,164
122,164
124,164
125,164
126,164
127,164
128,164
129,164
130,164
131,164
132,164
133,164
134,164
136,164
137,164
138,164
139,164
140,164
141,164
142,164
143,164
144,164
145,164
146,164
147,164
148,164
149,164
150,164
151,164
152,164
153,164
154,164
155,164
156,164
158,164
159,164
160,164
161,164
162,164
163,164
40,165
46,165
48,165
49,165
51,165
54,165
55,165
58,165
59,165
62,165
65,165
67,165
70,165
81,165
83,165
86,165
87,165
88,165
90,165
91,165
92,165
93,165
94,165
95,165
96,165
97,165
98,165
99,165
100,165
101,165
104,165
105,165
106,165
107,165
110,165
111,165
112,165
113,165
114,165
115,165
116,165
117,165
118,165
119,165
120,165
121,165
122,165
124,165
125,165
126,165
127,165
128,165
129,165
130,165
131,165
132,165
133,165
134,165
135,165
136,165
137,165
138,165
139,165
140,165
141,165
143,165
146,165
147,165
148,165
149,165
150,165
152,165
153,165
154,165
155,165
156,165
158,165
159,165
160,165
161,165
162,165
163,165
164,165
40,166
46,166
48,166
49,166
51,166
54,166
55,166
58,166
59,166
62,166
65,166
67,166
70,166
81,166
83,166
90,166
91,166
92,166
93,166
94,166
95,166
96,166
97,166
98,166
99,166
100,166
101,166
104,166
105,166
106,166
107,166
110,166
111,166
112,166
113,166
114,166
115,166
116,166
117,166
118,166
119,166
120,166
121,166
122,166
124,166
125,166
126,166
127,166
128,166
129,166
130,166
131,166
132,166
133,166
134,166
135,166
136,166
137,166
138,166
139,166
140,166
141,166
143,166
146,166
147,166
148,166
149,166
150,166
152,166
153,166
154,166
155,166
156,166
158,166
159,166
160,166
161,166
162,166
163,166
164,166
165,166
8,167
18,167
19,167
20,167
21,167
22,167
40,167
43,167
46,167
48,167
49,167
50,167
57,167
58,167
59,167
62,167
67,167
68,167
81,167
83,167
84,167
92,167
93,167
94,167
95,167
96,167
97,167
98,167
99,167
100,167
101,167
106,167
107,167
110,167
111,167
112,167
113,167
114,167
115,167
117,167
118,167
119,167
120,167
121,167
122,167
124,167
125,167
126,167
127,167
128,167
129,167
130,167
131,167
132,167
133,167
134,167
136,167
137,167
138,167
139,167
140,167
141,167
142,167
143,167
144,167
145,167
146,167
147,167
148,167
149,167
151,167
152,167
153,167
154,167
155,167
156,167
158,167
159,167
160,167
163,167
164,167
165,167
166,167
40,168
41,168
42,168
45,168
46,168
47,168
48,168
49,168
58,168
59,168
60,168
61,168
62,168
66,168
67,168
73,168
80,168
81,168
83,168
84,168
86,168
87,168
88,168
92,168
93,168
94,168
95,168
96,168
97,168
98,168
99,168
100,168
101,168
106,168
107,168
110,168
111,168
112,168
113,168
114,168
115,168
117,168
118,168
119,168
120,168
121,168
122,168
124,168
125,168
126,168
127,168
128,168
129,168
130,168
131,168
132,168
133,168
134,168
136,168
137,168
138,168
139,168
140,168
141,168
142,168
143,168
144,168
145,168
146,168
147,168
148,168
149,168
152,168
153,168
154,168
155,168
157,168
158,168
159,168
160,168
163,168
164,168
165,168
166,168
167,168
74,169
104,169
105,169
8,170
43,170
46,170
47,170
67,170
93,170
99,170
101,170
106,170
107,170
111,170
112,170
113,170
114,170
115,170
117,170
118,170
119,170
121,170
125,170
126,170
127,170
129,170
134,170
136,170
137,170
138,170
139,170
140,170
142,170
143,170
146,170
148,170
149,170
151,170
152,170
154,170
155,170
158,170
164,170
167,170
8,171
43,171
46,171
47,171
67,171
93,171
99,171
101,171
106,171
107,171
111,171
112,171
113,171
114,171
115,171
117,171
118,171
119,171
121,171
125,171
126,171
127,171
129,171
134,171
136,171
137,171
138,171
139,171
140,171
142,171
143,171
146,171
148,171
149,171
151,171
152,171
154,171
155,171
158,171
164,171
167,171
170,171
40,172
49,172
52,172
54,172
55,172
65,172
73,172
91,172
92,172
96,172
97,172
100,172
130,172
131,172
132,172
133,172
135,172
141,172
147,172
153,172
159,172
160,172
165,172
166,172
8,173
43,173
46,173
52,173
65,173
67,173
73,173
93,173
98,173
99,173
101,173
103,173
104,173
105,173
106,173
107,173
109,173
111,173
112,173
113,173
114,173
115,173
117,173
118,173
119,173
121,173
125,173
126,173
127,173
129,173
134,173
136,173
137,173
138,173
139,173
140,173
142,173
143,173
146,173
148,173
149,173
151,173
152,173
153,173
154,173
155,173
158,173
164,173
167,173
170,173
171,173
172,173
40,174
49,174
52,174
54,174
55,174
65,174
73,174
91,174
92,174
96,174
97,174
98,174
100,174
130,174
131,174
132,174
133,174
135,174
141,174
147,174
153,174
154,174
159,174
160,174
165,174
166,174
172,174
173,174
175,176
10,177
81,177
84,177
89,177
91,177
99,177
106,177
110,177
112,177
130,177
135,177
140,177
144,177
145,177
151,177
158,177
159,177
160,177
161,177
162,177
163,177
164,177
166,177
167,177
81,178
83,178
84,178
89,178
90,178
91,178
107,178
108,178
110,178
113,178
125,178
127,178
128,178
129,178
135,178
143,178
144,178
145,178
146,178
151,178
157,178
163,178
167,178
168,178
177,178
10,179
79,179
82,179
84,179
91,179
92,179
98,179
99,179
101,179
102,179
109,179
110,179
111,179
116,179
120,179
121,179
122,179
124,179
125,179
128,179
130,179
140,179
142,179
150,179
153,179
154,179
155,179
158,179
163,179
165,179
166,179
167,179
177,179
79,180
82,181
144,181
145,181
176,181
79,182
81,182
82,182
84,182
89,182
90,182
99,182
101,182
102,182
109,182
110,182
115,182
120,182
125,182
128,182
134,182
139,182
140,182
142,182
150,182
155,182
161,182
162,182
179,182
81,183
83,183
84,183
99,183
101,183
102,183
107,183
108,183
110,183
113,183
115,183
120,183
122,183
124,183
125,183
127,183
128,183
129,183
134,183
140,183
141,183
144,183
145,183
152,183
157,183
167,183
168,183
178,183
179,183
182,183
76,184
79,184
82,184
109,184
110,184
179,184
181,184
182,184
79,185
80,185
81,185
82,185
83,185
86,185
87,185
88,185
102,185
109,185
110,185
111,185
117,185
127,185
129,185
139,185
141,185
144,185
145,185
148,185
157,185
168,185
178,185
179,185
182,185
183,185
184,185
80,186
81,186
83,186
84,186
86,186
87,186
88,186
101,186
102,186
110,186
111,186
117,186
120,186
125,186
127,186
128,186
129,186
135,186
142,186
144,186
145,186
149,186
150,186
157,186
163,186
167,186
168,186
177,186
178,186
179,186
182,186
183,186
185,186
80,187
81,187
83,187
84,187
86,187
87,187
88,187
101,187
102,187
110,187
111,187
117,187
120,187
125,187
127,187
128,187
129,187
135,187
142,187
144,187
145,187
149,187
150,187
157,187
163,187
167,187
168,187
177,187
178,187
179,187
182,187
183,187
185,187
186,187
79,188
82,188
102,188
109,188
110,188
176,188
179,188
182,188
183,188
184,188
185,188
102,189
109,189
176,189
183,189
186,189
187,189
188,189
79,190
81,190
82,190
83,190
84,190
86,190
87,190
88,190
97,190
99,190
102,190
106,190
109,190
110,190
111,190
112,190
117,190
120,190
125,190
127,190
128,190
129,190
134,190
140,190
144,190
145,190
149,190
157,190
159,190
160,190
161,190
162,190
164,190
166,190
167,190
168,190
177,190
178,190
179,190
182,190
183,190
184,190
185,190
186,190
187,190
188,190
18,191
19,191
20,191
21,191
22,191
50,191
57,191
79,191
80,191
84,191
96,191
110,191
116,191
118,191
119,191
125,191
128,191
134,191
136,191
141,191
144,191
145,191
147,191
157,191
167,191
179,191
182,191
183,191
184,191
185,191
186,191
187,191
188,191
190,191
76,192
89,192
75,193
76,193
80,193
81,193
84,193
85,193
86,193
87,193
88,193
90,193
116,193
136,193
150,193
156,193
157,193
161,193
162,193
44,194
80,194
81,194
84,194
85,194
86,194
87,194
88,194
90,194
97,194
99,194
100,194
115,194
116,194
117,194
129,194
130,194
140,194
148,194
150,194
153,194
156,194
157,194
161,194
162,194
193,194
73,195
81,195
83,195
84,195
85,195
86,195
87,195
88,195
97,195
99,195
100,195
115,195
116,195
117,195
118,195
119,195
129,195
130,195
140,195
148,195
153,195
156,195
157,195
161,195
162,195
193,195
194,195
33,196
81,196
140,196
161,196
162,196
166,196
177,196
189,196
190,196
73,197
81,197
83,197
84,197
85,197
86,197
87,197
88,197
97,197
99,197
100,197
115,197
116,197
117,197
118,197
119,197
129,197
130,197
140,197
148,197
153,197
156,197
157,197
161,197
162,197
193,197
194,197
195,197
8,198
14,198
27,198
33,198
196,198
40,199
49,199
73,199
75,199
76,199
80,199
81,199
84,199
85,199
86,199
87,199
88,199
90,199
116,199
118,199
119,199
150,199
152,199
156,199
157,199
161,199
162,199
165,199
193,199
194,199
195,199
197,199
79,200
80,200
81,200
84,200
85,200
86,200
87,200
88,200
90,200
114,200
116,200
128,200
150,200
154,200
156,200
157,200
159,200
160,200
161,200
162,200
179,200
182,200
184,200
185,200
188,200
190,200
191,200
193,200
194,200
195,200
197,200
199,200
49,201
70,201
80,201
81,201
84,201
85,201
86,201
87,201
88,201
90,201
91,201
92,201
96,201
100,201
104,201
105,201
110,201
114,201
116,201
128,201
130,201
133,201
135,201
141,201
147,201
150,201
153,201
154,201
156,201
157,201
159,201
160,201
161,201
162,201
165,201
166,201
193,201
194,201
195,201
197,201
199,201
200,201
75,202
76,202
80,202
81,202
83,202
84,202
85,202
86,202
87,202
88,202
90,202
101,202
107,202
108,202
113,202
116,202
118,202
119,202
126,202
127,202
135,202
138,202
139,202
141,202
143,202
146,202
150,202
156,202
157,202
161,202
162,202
165,202
166,202
167,202
168,202
178,202
193,202
194,202
195,202
197,202
199,202
200,202
201,202
80,203
81,203
84,203
85,203
86,203
87,203
88,203
90,203
116,203
131,203
132,203
150,203
156,203
157,203
161,203
162,203
193,203
194,203
195,203
197,203
199,203
200,203
201,203
202,203
8,204
14,204
27,204
33,204
196,204
198,204
40,205
81,205
84,205
85,205
86,205
87,205
88,205
96,205
116,205
125,205
143,205
146,205
152,205
153,205
154,205
156,205
157,205
161,205
162,205
167,205
173,205
193,205
194,205
195,205
197,205
199,205
200,205
201,205
202,205
203,205
40,206
81,206
84,206
85,206
86,206
87,206
88,206
96,206
116,206
125,206
143,206
146,206
152,206
153,206
154,206
156,206
157,206
161,206
162,206
167,206
173,206
193,206
194,206
195,206
197,206
199,206
200,206
201,206
202,206
203,206
205,206
40,207
73,207
81,207
83,207
84,207
85,207
86,207
87,207
88,207
106,207
112,207
116,207
118,207
119,207
130,207
150,207
152,207
156,207
157,207
159,207
160,207
161,207
162,207
164,207
193,207
194,207
195,207
197,207
199,207
200,207
201,207
202,207
203,207
205,207
206,207
75,208
76,208
80,208
81,208
84,208
85,208
86,208
87,208
88,208
90,208
110,208
116,208
144,208
145,208
150,208
156,208
157,208
161,208
162,208
163,208
167,208
172,208
174,208
177,208
178,208
186,208
187,208
193,208
194,208
195,208
197,208
199,208
200,208
201,208
202,208
203,208
205,208
206,208
207,208
14,209
27,209
33,209
176,209
188,209
189,209
192,209
198,209
204,209
33,210
89,210
93,210
110,210
120,210
142,210
144,210
145,210
163,210
183,210
185,210
191,210
196,210
198,210
204,210
209,210
8,211
40,211
43,211
46,211
48,211
49,211
58,211
59,211
62,211
67,211
83,211
86,211
87,211
88,211
92,211
93,211
94,211
95,211
96,211
97,211
98,211
99,211
100,211
101,211
106,211
107,211
111,211
112,211
113,211
114,211
115,211
116,211
117,211
118,211
119,211
121,211
122,211
124,211
125,211
126,211
127,211
129,211
130,211
131,211
132,211
133,211
134,211
136,211
137,211
138,211
139,211
140,211
141,211
142,211
143,211
146,211
147,211
148,211
149,211
151,211
152,211
153,211
154,211
155,211
158,211
159,211
160,211
161,211
162,211
163,211
164,211
165,211
166,211
167,211
168,211
170,211
171,211
173,211
182,211
199,211
80,212
84,212
89,212
90,212
91,212
116,212
120,212
135,212
142,212
150,212
151,212
156,212
161,212
162,212
182,212
193,212
194,212
199,212
200,212
201,212
202,212
203,212
208,212
211,212
17,213
18,213
19,213
20,213
21,213
22,213
23,213
24,213
31,213
81,213
84,213
89,213
91,213
110,213
125,213
127,213
128,213
129,213
135,213
144,213
145,213
151,213
163,213
167,213
168,213
177,213
178,213
179,213
182,213
183,213
185,213
186,213
187,213
190,213
195,213
197,213
208,213
17,214
18,214
19,214
20,214
21,214
22,214
23,214
24,214
31,214
81,214
84,214
89,214
91,214
110,214
125,214
127,214
128,214
129,214
135,214
144,214
145,214
151,214
163,214
167,214
168,214
177,214
178,214
179,214
182,214
183,214
185,214
186,214
187,214
190,214
195,214
197,214
208,214
213,214
17,215
18,215
19,215
20,215
21,215
22,215
23,215
24,215
80,215
81,215
83,215
110,215
127,215
128,215
129,215
147,215
157,215
168,215
178,215
179,215
182,215
183,215
185,215
186,215
187,215
190,215
194,215
203,215
212,215
213,215
214,215
89,216
91,216
92,216
115,216
120,216
128,216
134,216
135,216
141,216
142,216
143,216
146,216
151,216
153,216
155,216
181,216
191,216
192,216
210,216
79,217
82,217
91,217
92,217
97,217
98,217
99,217
102,217
109,217
110,217
112,217
115,217
117,217
120,217
128,217
130,217
131,217
132,217
134,217
135,217
142,217
143,217
149,217
163,217
179,217
182,217
183,217
184,217
185,217
188,217
190,217
191,217
200,217
210,217
213,217
214,217
215,217
216,217
79,218
82,218
91,218
92,218
97,218
98,218
99,218
102,218
109,218
110,218
112,218
115,218
117,218
120,218
128,218
130,218
131,218
132,218
134,218
135,218
142,218
143,218
149,218
163,218
179,218
182,218
183,218
184,218
185,218
188,218
190,218
191,218
200,218
210,218
213,218
214,218
215,218
216,218
217,218
93,219
99,219
102,219
115,219
134,219
135,219
144,219
145,219
182,219
183,219
185,219
186,219
187,219
189,219
190,219
210,219
216,219
217,219
218,219
81,220
83,220
84,220
89,220
91,220
107,220
108,220
110,220
113,220
114,220
115,220
125,220
127,220
128,220
129,220
135,220
142,220
143,220
144,220
145,220
146,220
151,220
152,220
155,220
157,220
167,220
168,220
178,220
183,220
185,220
186,220
187,220
190,220
192,220
202,220
209,220
213,220
214,220
215,220
216,220
219,220
89,221
173,221
181,221
216,221
102,222
183,222
186,222
187,222
189,222
191,222
198,222
204,222
219,222
102,223
183,223
186,223
187,223
189,223
191,223
198,223
204,223
219,223
222,223
79,224
82,224
103,224
109,224
110,224
179,224
182,224
184,224
185,224
188,224
190,224
191,224
200,224
209,224
217,224
218,224
8,225
40,225
43,225
46,225
48,225
49,225
58,225
59,225
62,225
67,225
68,225
83,225
91,225
92,225
93,225
94,225
95,225
96,225
97,225
98,225
99,225
100,225
101,225
106,225
107,225
111,225
112,225
113,225
114,225
115,225
117,225
118,225
119,225
121,225
122,225
124,225
125,225
126,225
127,225
129,225
130,225
131,225
132,225
133,225
134,225
136,225
137,225
138,225
139,225
140,225
141,225
142,225
143,225
144,225
145,225
146,225
147,225
148,225
149,225
150,225
151,225
152,225
153,225
154,225
155,225
156,225
157,225
158,225
159,225
160,225
163,225
164,225
165,225
166,225
167,225
168,225
170,225
171,225
173,225
179,225
205,225
206,225
211,225
8,226
14,226
25,226
27,226
32,226
92,226
93,226
99,226
110,226
115,226
134,226
135,226
141,226
153,226
182,226
183,226
190,226
191,226
210,226
216,226
217,226
218,226
219,226
220,226
73,227
81,227
83,227
84,227
89,227
91,227
99,227
110,227
120,227
125,227
127,227
128,227
129,227
134,227
135,227
142,227
144,227
145,227
150,227
151,227
155,227
157,227
167,227
168,227
178,227
179,227
181,227
182,227
183,227
185,227
186,227
187,227
190,227
191,227
192,227
212,227
213,227
214,227
215,227
216,227
220,227
221,227
73,228
81,228
83,228
84,228
89,228
91,228
99,228
107,228
108,228
110,228
113,228
115,228
125,228
127,228
128,228
129,228
134,228
135,228
142,228
144,228
145,228
151,228
152,228
155,228
157,228
167,228
168,228
178,228
181,228
182,228
183,228
185,228
186,228
187,228
190,228
191,228
192,228
210,228
213,228
214,228
215,228
216,228
217,228
218,228
219,228
220,228
221,228
226,228
227,228
73,229
81,229
83,229
84,229
89,229
91,229
99,229
107,229
108,229
110,229
113,229
115,229
125,229
127,229
128,229
129,229
134,229
135,229
142,229
144,229
145,229
151,229
152,229
155,229
157,229
167,229
168,229
178,229
181,229
182,229
183,229
185,229
186,229
187,229
190,229
191,229
192,229
210,229
213,229
214,229
215,229
216,229
217,229
218,229
219,229
220,229
221,229
226,229
227,229
228,229
18,230
19,230
20,230
21,230
22,230
50,230
57,230
81,230
84,230
89,230
91,230
110,230
118,230
119,230
120,230
125,230
127,230
128,230
129,230
135,230
141,230
142,230
144,230
145,230
147,230
150,230
151,230
155,230
163,230
167,230
168,230
177,230
178,230
180,230
183,230
185,230
186,230
187,230
190,230
191,230
192,230
208,230
210,230
212,230
213,230
214,230
216,230
219,230
220,230
221,230
226,230
227,230
228,230
229,230
73,231
79,231
96,231
99,231
106,231
110,231
112,231
116,231
123,231
130,231
136,231
144,231
145,231
147,231
150,231
155,231
158,231
159,231
160,231
163,231
164,231
167,231
177,231
178,231
179,231
182,231
184,231
185,231
186,231
187,231
188,231
190,231
191,231
200,231
207,231
208,231
213,231
214,231
217,231
218,231
219,231
222,231
223,231
224,231
230,231
64,232
79,232
110,232
179,232
182,232
184,232
185,232
188,232
190,232
191,232
196,232
198,232
200,232
204,232
217,232
218,232
224,232
231,232
114,233
115,233
118,233
119,233
128,233
134,233
135,233
144,233
145,233
165,233
191,233
192,233
199,233
209,233
216,233
217,233
218,233
219,233
220,233
221,233
226,233
227,233
228,233
229,233
89,234
91,234
96,234
97,234
99,234
115,234
120,234
130,234
134,234
135,234
142,234
147,234
150,234
151,234
155,234
157,234
179,234
182,234
183,234
186,234
187,234
190,234
192,234
209,234
212,234
216,234
217,234
218,234
219,234
220,234
226,234
227,234
228,234
229,234
230,234
233,234
75,235
102,235
183,235
186,235
187,235
188,235
189,235
191,235
219,235
221,235
222,235
223,235
231,235
89,236
91,236
97,236
99,236
112,236
115,236
116,236
120,236
131,236
132,236
134,236
135,236
142,236
143,236
149,236
150,236
151,236
155,236
158,236
179,236
182,236
183,236
185,236
186,236
187,236
190,236
210,236
212,236
216,236
217,236
218,236
219,236
220,236
226,236
227,236
228,236
229,236
230,236
233,236
234,236
84,237
89,237
93,237
97,237
99,237
101,237
112,237
120,237
131,237
132,237
135,237
142,237
143,237
144,237
145,237
149,237
167,237
186,237
187,237
191,237
192,237
209,237
210,237
216,237
217,237
218,237
220,237
221,237
226,237
228,237
229,237
230,237
231,237
233,237
234,237
236,237
18,238
19,238
20,238
21,238
22,238
50,238
57,238
81,238
84,238
89,238
91,238
93,238
96,238
97,238
98,238
110,238
116,238
118,238
119,238
120,238
125,238
127,238
128,238
129,238
130,238
135,238
136,238
141,238
142,238
144,238
145,238
147,238
148,238
150,238
151,238
155,238
157,238
163,238
165,238
166,238
167,238
168,238
177,238
178,238
181,238
183,238
186,238
187,238
190,238
191,238
192,238
196,238
208,238
210,238
213,238
214,238
216,238
220,238
221,238
227,238
228,238
229,238
230,238
231,238
234,238
236,238
81,239
84,239
89,239
90,239
91,239
99,239
101,239
110,239
115,239
125,239
128,239
135,239
142,239
151,239
155,239
181,239
182,239
183,239
190,239
191,239
192,239
210,239
216,239
217,239
218,239
220,239
221,239
226,239
227,239
228,239
229,239
230,239
233,239
234,239
236,239
238,239
84,240
89,240
91,240
101,240
118,240
119,240
120,240
135,240
142,240
143,240
144,240
145,240
146,240
151,240
155,240
156,240
165,240
186,240
187,240
192,240
199,240
209,240
216,240
217,240
218,240
220,240
227,240
228,240
229,240
230,240
233,240
234,240
236,240
237,240
238,240
239,240
18,241
19,241
20,241
21,241
22,241
50,241
57,241
81,241
84,241
89,241
91,241
99,241
110,241
111,241
118,241
119,241
120,241
121,241
123,241
125,241
127,241
128,241
129,241
135,241
141,241
142,241
143,241
144,241
145,241
146,241
147,241
149,241
150,241
151,241
153,241
155,241
167,241
168,241
178,241
179,241
182,241
183,241
185,241
186,241
187,241
190,241
191,241
192,241
205,241
206,241
209,241
212,241
213,241
214,241
216,241
217,241
218,241
219,241
220,241
225,241
227,241
228,241
229,241
230,241
231,241
233,241
234,241
236,241
237,241
238,241
239,241
240,241
18,242
19,242
20,242
21,242
22,242
50,242
57,242
81,242
84,242
89,242
91,242
99,242
110,242
118,242
119,242
120,242
125,242
127,242
128,242
129,242
135,242
141,242
142,242
144,242
145,242
147,242
150,242
151,242
155,242
167,242
168,242
178,242
182,242
183,242
185,242
186,242
187,242
190,242
191,242
192,242
209,242
210,242
212,242
213,242
214,242
216,242
219,242
220,242
226,242
227,242
228,242
229,242
230,242
231,242
233,242
234,242
236,242
237,242
238,242
239,242
240,242
241,242
90,243
92,243
97,243
99,243
102,243
112,243
114,243
120,243
127,243
131,243
132,243
142,243
143,243
149,243
150,243
154,243
159,243
160,243
179,243
182,243
183,243
186,243
187,243
189,243
191,243
216,243
217,243
218,243
219,243
222,243
223,243
225,243
227,243
231,243
234,243
235,243
236,243
237,243
240,243
73,244
84,244
89,244
91,244
101,244
110,244
135,244
142,244
144,244
145,244
151,244
155,244
163,244
167,244
168,244
177,244
178,244
186,244
187,244
191,244
192,244
205,244
206,244
208,244
209,244
213,244
214,244
216,244
220,244
226,244
227,244
228,244
229,244
230,244
231,244
233,244
234,244
236,244
237,244
238,244
239,244
240,244
241,244
242,244
73,245
89,245
91,245
115,245
120,245
134,245
135,245
142,245
148,245
150,245
151,245
155,245
168,245
177,245
178,245
192,245
209,245
210,245
212,245
213,245
214,245
216,245
217,245
218,245
219,245
220,245
226,245
227,245
228,245
229,245
230,245
233,245
234,245
236,245
237,245
238,245
239,245
240,245
241,245
242,245
244,245
43,246
46,246
66,246
67,246
68,246
70,246
93,246
99,246
101,246
106,246
107,246
111,246
112,246
113,246
114,246
115,246
117,246
121,246
125,246
126,246
127,246
129,246
134,246
136,246
137,246
138,246
139,246
140,246
142,246
143,246
144,246
145,246
146,246
148,246
149,246
151,246
152,246
154,246
155,246
158,246
164,246
167,246
225,246
40,247
41,247
42,247
45,247
46,247
47,247
48,247
49,247
58,247
59,247
60,247
61,247
62,247
66,247
67,247
73,247
83,247
86,247
87,247
88,247
92,247
93,247
94,247
95,247
96,247
97,247
98,247
99,247
100,247
101,247
106,247
107,247
111,247
112,247
113,247
114,247
115,247
116,247
117,247
118,247
119,247
120,247
121,247
122,247
124,247
125,247
126,247
127,247
129,247
130,247
131,247
132,247
133,247
134,247
136,247
137,247
138,247
139,247
140,247
141,247
143,247
146,247
147,247
148,247
149,247
152,247
153,247
154,247
157,247
158,247
159,247
160,247
163,247
164,247
165,247
166,247
167,247
168,247
211,247
225,247
8,248
40,248
41,248
42,248
49,248
51,248
52,248
54,248
55,248
61,248
63,248
65,248
70,248
90,248
91,248
92,248
96,248
97,248
100,248
104,248
105,248
110,248
116,248
128,248
130,248
131,248
132,248
133,248
135,248
141,248
147,248
150,248
153,248
156,248
159,248
160,248
161,248
162,248
165,248
166,248
172,248
174,248
201,248
40,249
49,249
51,249
54,249
55,249
56,249
63,249
65,249
70,249
90,249
91,249
92,249
96,249
97,249
100,249
104,249
105,249
110,249
116,249
128,249
130,249
131,249
132,249
133,249
135,249
141,249
147,249
150,249
153,249
156,249
159,249
160,249
161,249
162,249
165,249
166,249
201,249
248,249
34,250
35,250
36,250
40,250
49,250
53,250
54,250
55,250
56,250
58,250
60,250
62,250
63,250
64,250
65,250
68,250
118,250
119,250
170,250
171,250
173,250
181,250
211,250
34,251
35,251
36,251
40,251
49,251
53,251
54,251
55,251
56,251
58,251
60,251
62,251
63,251
64,251
65,251
68,251
249,251
250,251
43,252
45,252
46,252
67,252
68,252
93,252
99,252
101,252
106,252
107,252
111,252
112,252
113,252
114,252
115,252
117,252
121,252
125,252
126,252
127,252
129,252
134,252
136,252
137,252
138,252
139,252
140,252
142,252
143,252
144,252
145,252
146,252
148,252
149,252
151,252
152,252
154,252
155,252
158,252
164,252
167,252
225,252
246,252
40,253
45,253
49,253
51,253
54,253
55,253
65,253
66,253
70,253
78,253
90,253
91,253
92,253
96,253
97,253
100,253
104,253
105,253
110,253
116,253
128,253
130,253
131,253
132,253
133,253
135,253
141,253
147,253
150,253
153,253
156,253
159,253
160,253
161,253
162,253
165,253
166,253
201,253
248,253
249,253
40,254
45,254
49,254
51,254
54,254
55,254
65,254
66,254
70,254
78,254
90,254
91,254
92,254
96,254
97,254
100,254
104,254
105,254
110,254
116,254
128,254
130,254
131,254
132,254
133,254
135,254
141,254
147,254
150,254
153,254
156,254
159,254
160,254
161,254
162,254
165,254
166,254
201,254
248,254
249,254
253,254
75,256
76,256
176,256
181,256
189,256
193,256
199,256
202,256
208,256
209,256
224,256
8,257
40,257
43,257
46,257
48,257
49,257
58,257
59,257
62,257
67,257
68,257
81,257
83,257
91,257
92,257
93,257
94,257
95,257
96,257
97,257
98,257
99,257
100,257
101,257
106,257
107,257
111,257
112,257
113,257
114,257
115,257
116,257
117,257
118,257
119,257
121,257
122,257
124,257
125,257
126,257
127,257
129,257
130,257
131,257
132,257
133,257
134,257
136,257
137,257
138,257
139,257
140,257
141,257
142,257
143,257
144,257
145,257
146,257
147,257
148,257
149,257
150,257
151,257
152,257
153,257
154,257
155,257
156,257
158,257
159,257
160,257
161,257
162,257
163,257
164,257
165,257
166,257
167,257
168,257
170,257
171,257
173,257
177,257
179,257
190,257
202,257
207,257
211,257
225,257
231,257
246,257
247,257
252,257
75,258
76,258
80,258
81,258
83,258
84,258
85,258
86,258
87,258
88,258
90,258
101,258
116,258
126,258
138,258
139,258
141,258
150,258
156,258
157,258
161,258
162,258
165,258
166,258
167,258
168,258
193,258
194,258
195,258
197,258
199,258
200,258
201,258
202,258
203,258
205,258
206,258
207,258
208,258
212,258
256,258
257,258
79,259
82,259
109,259
110,259
179,259
182,259
184,259
185,259
188,259
190,259
191,259
200,259
217,259
218,259
224,259
231,259
232,259
79,260
82,260
103,260
104,260
105,260
109,260
110,260
172,260
174,260
179,260
182,260
184,260
185,260
188,260
190,260
191,260
200,260
208,260
217,260
218,260
224,260
231,260
232,260
259,260
79,261
82,261
109,261
110,261
179,261
182,261
184,261
185,261
188,261
190,261
191,261
200,261
217,261
218,261
224,261
231,261
232,261
259,261
260,261
255,262
75,263
76,263
79,263
82,263
109,263
110,263
179,263
182,263
184,263
185,263
188,263
190,263
193,263
199,263
202,263
208,263
217,263
218,263
224,263
256,263
258,263
259,263
260,263
261,263
79,264
82,264
109,264
110,264
175,264
176,264
179,264
181,264
182,264
184,264
185,264
188,264
190,264
217,264
218,264
221,264
224,264
259,264
260,264
261,264
263,264
33,265
109,265
196,265
198,265
204,265
210,265
260,265
33,266
196,266
198,266
204,266
210,266
221,266
222,266
223,266
264,266
265,266
33,267
103,267
104,267
105,267
109,267
173,267
196,267
198,267
204,267
210,267
260,267
265,267
266,267
34,268
35,268
36,268
109,268
169,268
189,268
82,269
109,269
110,269
179,269
182,269
185,269
188,269
189,269
190,269
196,269
198,269
204,269
210,269
217,269
218,269
265,269
266,269
267,269
268,269
82,270
109,270
110,270
179,270
182,270
185,270
188,270
189,270
190,270
196,270
198,270
204,270
210,270
217,270
218,270
221,270
235,270
264,270
265,270
266,270
267,270
268,270
269,270
79,271
170,271
171,271
184,271
196,271
198,271
204,271
210,271
224,271
259,271
260,271
264,271
265,271
266,271
267,271
269,271
270,271
82,272
103,272
109,272
110,272
179,272
182,272
185,272
188,272
190,272
196,272
198,272
204,272
210,272
217,272
218,272
260,272
265,272
266,272
267,272
268,272
269,272
270,272
271,272
103,273
104,273
105,273
109,273
169,273
172,273
174,273
189,273
208,273
260,273
265,273
267,273
268,273
269,273
270,273
103,274
104,274
105,274
109,274
169,274
173,274
189,274
260,274
265,274
267,274
268,274
269,274
270,274
273,274
82,275
103,275
104,275
105,275
109,275
110,275
173,275
179,275
182,275
185,275
188,275
189,275
190,275
196,275
198,275
204,275
210,275
217,275
218,275
265,275
266,275
267,275
268,275
269,275
270,275
271,275
272,275
273,275
274,275
103,276
104,276
105,276
109,276
169,276
172,276
174,276
189,276
208,276
260,276
265,276
267,276
268,276
269,276
270,276
273,276
274,276
275,276
89,277
91,277
97,277
99,277
110,277
112,277
115,277
120,277
128,277
131,277
132,277
134,277
135,277
142,277
143,277
149,277
151,277
155,277
183,277
185,277
191,277
192,277
209,277
210,277
216,277
217,277
218,277
219,277
220,277
226,277
227,277
228,277
229,277
230,277
233,277
234,277
236,277
237,277
238,277
239,277
240,277
241,277
242,277
243,277
244,277
245,277
25,278
27,278
49,278
70,278
79,278
82,278
90,278
91,278
92,278
96,278
100,278
104,278
105,278
109,278
110,278
116,278
128,278
130,278
133,278
135,278
141,278
147,278
150,278
153,278
156,278
159,278
160,278
161,278
162,278
165,278
166,278
179,278
182,278
184,278
185,278
188,278
190,278
191,278
201,278
217,278
218,278
224,278
231,278
232,278
248,278
249,278
253,278
254,278
259,278
260,278
261,278
263,278
264,278
271,278
32,279
33,279
102,279
110,279
176,279
179,279
181,279
182,279
183,279
185,279
186,279
187,279
188,279
189,279
190,279
209,279
217,279
218,279
219,279
222,279
223,279
235,279
243,279
256,279
74,280
104,280
105,280
169,280
269,280
271,280
144,281
145,281
175,281
181,281
221,281
264,281
270,281
280,281
33,282
189,282
196,282
198,282
204,282
209,282
210,282
221,282
222,282
223,282
224,282
256,282
264,282
265,282
266,282
267,282
270,282
279,282
33,283
189,283
196,283
198,283
204,283
209,283
210,283
221,283
222,283
223,283
224,283
256,283
264,283
265,283
266,283
267,283
270,283
279,283
282,283
64,284
79,284
180,284
184,284
224,284
230,284
232,284
271,284
278,284
25,285
32,285
33,285
175,285
176,285
188,285
189,285
192,285
198,285
204,285
209,285
210,285
266,285
279,285
280,285
281,285
79,286
82,286
102,286
109,286
110,286
179,286
182,286
183,286
184,286
185,286
188,286
190,286
191,286
192,286
200,286
217,286
218,286
224,286
231,286
232,286
259,286
260,286
261,286
263,286
264,286
266,286
269,286
270,286
272,286
275,286
278,286
279,286
285,286
75,287
76,287
102,287
193,287
199,287
202,287
208,287
256,287
258,287
263,287
102,288
183,288
188,288
189,288
192,288
196,288
198,288
204,288
209,288
220,288
233,288
234,288
235,288
237,288
240,288
241,288
242,288
244,288
245,288
270,288
277,288
279,288
79,289
82,289
109,289
110,289
175,289
176,289
179,289
182,289
184,289
185,289
188,289
189,289
190,289
217,289
218,289
224,289
259,289
260,289
261,289
263,289
264,289
268,289
269,289
270,289
272,289
273,289
274,289
275,289
276,289
278,289
286,289
79,290
82,290
109,290
110,290
179,290
182,290
184,290
185,290
188,290
189,290
190,290
217,290
218,290
219,290
224,290
235,290
255,290
259,290
260,290
261,290
262,290
263,290
264,290
268,290
269,290
270,290
272,290
273,290
274,290
275,290
276,290
278,290
286,290
289,290
32,291
33,291
79,291
82,291
102,291
109,291
110,291
175,291
176,291
179,291
182,291
183,291
184,291
185,291
188,291
190,291
217,291
218,291
224,291
259,291
260,291
261,291
263,291
264,291
269,291
270,291
272,291
275,291
278,291
279,291
285,291
286,291
287,291
289,291
290,291
32,292
33,292
79,292
82,292
102,292
109,292
110,292
175,292
176,292
179,292
182,292
183,292
184,292
185,292
188,292
190,292
217,292
218,292
224,292
259,292
260,292
261,292
263,292
264,292
269,292
270,292
272,292
275,292
278,292
279,292
285,292
286,292
287,292
289,292
290,292
291,292
32,293
33,293
102,293
255,293
262,293
279,293
285,293
290,293
291,293
292,293
25,294
32,294
33,294
176,294
188,294
189,294
196,294
198,294
204,294
209,294
210,294
265,294
266,294
267,294
279,294
282,294
283,294
285,294
291,294
292,294
293,294
180,295
189,295
221,295
222,295
223,295
230,295
264,295
266,295
268,295
270,295
273,295
274,295
276,295
282,295
283,295
284,295
288,295
76,296
184,296
189,296
280,296
281,296
285,296
288,296
295,296
209,297
222,297
223,297
266,297
280,297
281,297
282,297
283,297
285,297
295,297
296,297
74,298
76,298
79,298
180,298
184,298
188,298
224,298
230,298
235,298
268,298
270,298
271,298
278,298
284,298
288,298
295,298
25,299
32,299
33,299
189,299
196,299
198,299
204,299
209,299
210,299
232,299
265,299
266,299
267,299
279,299
282,299
283,299
285,299
288,299
291,299
292,299
293,299
294,299
295,299
296,299
297,299
79,300
179,300
182,300
184,300
185,300
188,300
189,300
190,300
191,300
200,300
209,300
217,300
218,300
224,300
231,300
232,300
256,300
259,300
260,300
261,300
279,300
282,300
283,300
284,300
286,300
294,300
295,300
296,300
297,300
299,300
118,301
119,301
170,301
171,301
173,301
189,301
211,301
216,301
221,301
222,301
223,301
226,301
227,301
228,301
229,301
238,301
239,301
250,301
266,301
282,301
283,301
288,301
295,301
296,301
297,301
299,301
300,301
79,302
82,302
103,302
109,302
110,302
136,302
179,302
182,302
184,302
185,302
188,302
190,302
191,302
200,302
209,302
217,302
218,302
224,302
231,302
232,302
256,302
259,302
260,302
261,302
263,302
264,302
271,302
278,302
282,302
283,302
284,302
286,302
289,302
290,302
291,302
292,302
298,302
300,302
25,303
27,303
79,303
82,303
109,303
110,303
136,303
179,303
182,303
184,303
185,303
188,303
190,303
191,303
200,303
217,303
218,303
224,303
231,303
232,303
259,303
260,303
261,303
263,303
264,303
271,303
278,303
284,303
286,303
289,303
290,303
291,303
292,303
298,303
300,303
302,303
59,304
92,304
93,304
96,304
98,304
121,304
122,304
124,304
125,304
158,304
164,304
192,304
209,304
220,304
221,304
233,304
234,304
237,304
240,304
241,304
242,304
244,304
245,304
255,304
262,304
264,304
266,304
270,304
277,304
282,304
283,304
288,304
295,304
297,304
299,304
79,305
82,305
109,305
110,305
175,305
176,305
179,305
182,305
184,305
185,305
188,305
189,305
190,305
191,305
192,305
200,305
209,305
217,305
218,305
224,305
231,305
232,305
259,305
260,305
261,305
263,305
264,305
268,305
269,305
270,305
272,305
273,305
274,305
275,305
276,305
278,305
281,305
285,305
286,305
289,305
290,305
291,305
292,305
294,305
296,305
300,305
302,305
303,305
75,306
76,306
144,306
145,306
193,306
199,306
202,306
208,306
219,306
256,306
258,306
263,306
287,306
303,306
26,307
102,307
110,307
179,307
182,307
183,307
185,307
186,307
187,307
188,307
189,307
190,307
217,307
218,307
219,307
222,307
223,307
235,307
243,307
266,307
279,307
285,307
286,307
288,307
291,307
292,307
293,307
295,307
